1 0.7432279909706545 0.8628668171557561 0.015237020316027097 0.019187358916478558
1 0.804176072234763 0.8013544018058691 0.010158013544018019 0.01128668171557564
1 0.13290067720090293 0.31207674943566593 0.011851015801354415 0.02370203160270883
1 0.8867099322799095 0.24717832957110608 0.01100451467268627 0.020316027088036107
1 0.7423814898419865 0.13713318284424378 0.013544018058690882 0.023702031602708812
1 0.2933126410835214 0.13600451467268623 0.009311512415349874 0.012415349887133154
1 0.34156320541760715 0.013544018058690748 0.00931151241534991 0.013544018058690748
1 0.983211060948081 0.4181715575620767 0.012697516930022489 0.014672686230248288
1 0.5248306997742663 0.7567720090293453 0.008465011286681659 0.01015801354401816
1 0.46557562076749437 0.8645598194130926 0.00846501128668173 0.01580135440180584
1 0.7202922545820647 0.7450435581593662 0.005241417913506581 0.008619220568877494
1 0.3523171097382891 0.4823083348428076 0.009699418405750464 0.01065034177886318
1 0.4424646455093817 0.4878236904068618 0.00798775633414742 0.008748495032637678
