1 0.5237220302492616 0.697580491617446 0.003935517931965365 0.0038162598128148773
1 0.5530595275602758 0.6420857135060969 0.004174034170266267 0.005724389719222174
1 0.22679216933886287 0.18296686465674775 0.005144051872929509 0.0060518257328582336
1 0.5266601344019891 0.05265088387586678 0.006354417019501141 0.007665645928287121
1 0.6732656127804801 0.07584954918515674 0.004236278013000856 0.00645528078171548
1 0.969135688762423 0.13192980097630985 0.007262190879429937 0.008876011074858746
1 0.8345467685611525 0.41858461318936224 0.0060518257328581624 0.006051825732858305
1 0.791578805857859 0.44864201432922485 0.005446643159572346 0.009682921172573274
1 0.3271011808609883 0.39377212768464337 0.00665700830614405 0.009682921172573203
1 0.6528407009320836 0.6606576425036923 0.0069595995927871 0.00847255602600157
1 0.8468017156701905 0.6574300021128345 0.004538869299643693 0.006051825732858305
1 0.9918942376154672 0.6350382469012591 0.00484146058628653 0.005648370684001094
1 0.6062416427890751 0.8799354615575894 0.008775147312644479 0.00887601107485878
