0 0.647399970730647 0.3205946846298203 0.004565896733625294 0.009622750105274776
1 0.6415821345700599 0.3219693632162881 0.0038294617765889426 0.004909566380242261
1 0.20885959217647976 0.8639995020760525 0.0060087482514782665 0.008512393356261043
1 0.3844879387249079 0.7969797490330369 0.0040005530833173 0.0039425740531243035
1 0.3561110107974461 0.6192346414440527 0.0037467442551620423 0.006812262282112798
1 0.7293828808430693 0.5140987268901119 0.004427970483373258 0.006358111463305179
1 0.9501402817976816 0.3095037830173245 0.0037467442551620423 0.0068122622821128334
1 0.9902925262479895 0.15645495707919047 0.0051091967115844735 0.008628865557342866
1 0.3986876500606511 0.29497095681548385 0.005109196711584616 0.007720563919727859
1 0.09349829982199803 0.15191344889111524 0.00579042293979585 0.008628865557342885
