1 0.7982547073559496 0.1625600590181416 0.006476122443563384 0.005255983432457239
1 0.7432076665856607 0.1507340962951128 0.005631410820490004 0.007133120372620531
1 0.6936512513653497 0.3106661635970258 0.004505128656391974 0.005631410820489897
1 0.8326063133609379 0.3581577281831572 0.006476122443563384 0.007508547760653172
1 0.8786408732669355 0.7309571244995879 0.004223558115367609 0.006757692984587749
1 0.8479496842952656 0.7373393900961434 0.0036604170333184526 0.0075085477606532435
1 0.10136539476881806 0.9318107770970611 0.004505128656391903 0.00675769298458789
1 0.27664305655656596 0.8368276479247981 0.00534984027946539 0.00675769298458789
1 0.5524414014900585 0.8293191001641449 0.005068269738440847 0.007508547760652959
1 0.5876377191181202 0.8075443116582507 0.005631410820489862 0.005255983432457185
1 0.6887215433459138 0.7992849091215323 0.005068269738440989 0.007508547760653101
1 0.7033632114791876 0.8176808511351326 0.005068269738440847 0.006006838208522538
2 0.2880145786939333 0.8706762949455867 0.007090320801003962 0.01034005116813077
1 0.3836923498525578 0.8098749684553204 0.0061437865652824546 0.009727662061697088
2 0.8360530489405957 0.3885096479709641 0.005445027127636592 0.0052339795645499265
