1 0.11682852224862023 0.28625509428423124 0.010566020595330414 0.011270421968352444
2 0.12428688972767703 0.29039863177259606 0.005593775609292564 0.0076241089785914085
2 0.1569794005108759 0.3100389994674456 0.006091000107896339 0.008452816476264325
2 0.08904610338913375 0.3674684290561827 0.005966693983245417 0.00928152397393731
2 0.897772991884343 0.8080441804342788 0.0064977994811135885 0.009469661259296913
2 0.9602576450341203 0.7792322323474812 0.005742241401914043 0.0074548397147658815
2 0.9112584650112865 0.06376975169300227 0.012697516930022629 0.014672686230248306
2 0.1574535182994427 0.3932013629865614 0.0047957901922067595 0.00517640846142946
2 0.1799116492803798 0.7709024727506201 0.003806035280100666 0.005970251419765731
2 0.20550910224262559 0.7775195014075271 0.0035075227091124006 0.004676696945483343
2 0.5896854374647844 0.5892179131342665 0.0029981504571782126 0.004378251461276151
2 0.48202124751233655 0.507664321660687 0.004292058405414423 0.006311850596197743
2 0.6779733968579847 0.6949222804300522 0.0035405833690568046 0.0047207778254090725
2 0.5104732260072783 0.36912891472903214 0.00337419084307399 0.005398705348918398
2 0.2294341205336078 0.5512439261285005 0.003512551588167483 0.004402397990503388
2 0.08749070538412206 0.542986781174895 0.0021494012309208267 0.0029341032676062184
