2 0.6558083208871779 0.09989202110883542 0.005249669755422843 0.007118196278539362
2 0.7305184680671818 0.08502821220683579 0.004096612045398303 0.006899557129091729
2 0.7949231191207825 0.4067352702171958 0.005807514148972075 0.00941759051184654
2 0.7953939986463748 0.47747183895062106 0.008318871618797772 0.008580471355237975
2 0.6666084483968732 0.49641165986889035 0.006592313358292614 0.010045429879303
2 0.07821654294005247 0.1567990112271929 0.007684432288847258 0.009879984371375041
2 0.03691271938749844 0.31030469433059416 0.006861100257899339 0.008050357635935227
2 0.32700003829148244 0.48631478627990515 0.006312212237267332 0.013173312495166768
2 0.7589749105288248 0.7716625834171101 0.004116660154739549 0.008050357635935085
2 0.4370520864281879 0.8026572488374508 0.006861100257899366 0.009879984371374917
