1 0.4220559028738666 0.09288117360850201 0.0062562448544586854 0.009304159014323172
1 0.6040885656584049 0.1770998543415997 0.003609372031418445 0.005774995250269548
1 0.7945430965162527 0.1904144267241656 0.004812496041891308 0.008020826736485489
1 0.7977915313445294 0.01026665822270143 0.0045718712397966495 0.007058327528107233
1 0.5980729456060406 0.44034338783305343 0.00649686965655313 0.009945825153241898
1 0.1146577181980601 0.6500077987247843 0.006496869656553237 0.007058327528107213
1 0.6674932010103225 0.4996975056830461 0.005293745646080481 0.006095828319729008
1 0.6767572558909631 0.46873710980832456 0.006978119260742374 0.0057749952502695835
1 0.7329431471800442 0.49713084112737077 0.006256244854458828 0.00866249287540434
1 0.8800852136608706 0.6705411151701871 0.0064968696565533435 0.007058327528107213
