1 0.5379135089755583 0.22347110439979148 0.006022069497681457 0.01014243283820047
1 0.4152848200135893 0.31932300236505223 0.005509732175439836 0.008210581281047595
1 0.05623167837875318 0.27008491056077416 0.006806139746131503 0.008642717137944799
1 0.16626427094121263 0.45050163081537137 0.005833834068112758 0.009074852994842003
1 0.8445641161548096 0.8329524760615362 0.00925683196246979 0.009419232523214874
1 0.8415665406631544 0.8478859150496567 0.005004616581328349 0.010247548237958029
1 0.9544923792893499 0.7667776648896296 0.007366768887885797 0.008238107143442192
1 0.36339460463858003 0.7408740280050395 0.005692349082620964 0.008388724963862443
1 0.39994547769540956 0.6434050331868274 0.00868832228400045 0.013182282086069606
1 0.27876626677171656 0.6003424587814995 0.010437093831687071 0.01873324533892543
1 0.29662975429133476 0.598469134247607 0.012444227260857659 0.017127538595589017
1 0.3482130834210187 0.5684959417053262 0.011239947203355171 0.01391612510891619
1 0.3234888725462116 0.20974046468899374 0.012636670957814644 0.017784944310998405
