2 0.7644571119189443 0.2211651092585231 0.0067705217451438674 0.006889302828391983
2 0.05754943483372237 0.10927859658828605 0.007126864994888215 0.00997761099284352
2 0.03652518309880212 0.26797012380779706 0.007839551494377038 0.012353232657806253
2 0.00810680893168535 0.5807207160001417 0.009799439367971301 0.013541043490287593
2 0.13496500584069565 0.5259626366227507 0.009086752868482489 0.013778605656783896
2 0.07527751150850683 0.5073140065527931 0.007305036619760425 0.01164054615831745
2 0.0877495252495612 0.8421578802292913 0.008374066368993667 0.010927859658828396
2 0.27135538468036896 0.911169689596459 0.006770521745143796 0.009264924493354698
2 0.7312163484755314 0.984813961210304 0.00463246224667742 0.011165421825324841
2 0.751884256960707 0.9503674470683441 0.006057835245654957 0.009264924493354556
2 0.734334351910795 0.8907393432777795 0.005166977121293996 0.0049888054964218045
2 0.7588329503307232 0.8246970609918151 0.007839551494377019 0.008789800160362092
2 0.8360821051175711 0.8805241701184395 0.005701491995910572 0.007839551494377019
2 0.9146557916862136 0.9495359794856071 0.0067705217451438674 0.008077113660873466
2 0.9703226690540309 0.766494330200228 0.006414178495399483 0.0073644271613844126
2 0.47660909653314965 0.7398873675526454 0.008908581243610172 0.007839551494377303
2 0.33968420281885975 0.7550913462084068 0.006948693370016059 0.008789800160362092
2 0.4490815804903939 0.6451000631206321 0.0055233203710383805 0.0073644271613844126
2 0.8989649332927128 0.42725555644354885 0.005879663620782765 0.006414178495399412
2 0.5698819421537492 0.20394711993705122 0.005879663620782977 0.00831467582736959
1 0.29510130212944174 0.27931528313670984 0.009424609640045602 0.01037720459291048
