1 0.8078942036444192 0.1448741111995987 0.006812262282112727 0.012716222926610534
1 0.8518332953640466 0.1310225112259694 0.006812262282112727 0.008628865557342848
1 0.17933280457661924 0.44529487784077276 0.0064716491680071545 0.012262072107802951
1 0.4075435910273977 0.4146396975712652 0.006471649168007119 0.009083016376150468
1 0.48639552694285326 0.27203634046570413 0.006812262282112798 0.009083016376150397
1 0.5882388480604395 0.532945985870624 0.00408735736926765 0.009537167194957731
1 0.8983670884536243 0.644667087297274 0.0071528753962182634 0.007720563919727823
1 0.873161718009807 0.6037935136045971 0.00851532785264098 0.009537167194957874
1 0.807082773873313 0.579269369388991 0.0071528753962182634 0.00862886555734292
1 0.6415448004179721 0.6328591660082784 0.007834101624429834 0.008628865557342777
1 0.2231015897391939 0.7647498758577049 0.007493488510324085 0.008174714738535442
1 0.7922961691954126 0.9310310115112834 0.005471208656115607 0.007294944874820714
