1 0.36478548136164085 0.47641716499770836 0.004521386896554418 0.008707856245215879
2 0.3678499769248611 0.47413972567203655 0.004219961103450771 0.0071002520153297865
2 0.3568981731087627 0.47293402249962196 0.004019010574715054 0.0057605818237581015
2 0.13460002423007153 0.29459627944694905 0.005714151972031321 0.007618869296041808
2 0.9298429118989486 0.20486292996023464 0.008888680845382168 0.010158492394722352
2 0.8877804043270513 0.36570572621000563 0.007936322183376915 0.010158492394722387
2 0.5823673218161939 0.18962519136815112 0.0066665106340365555 0.006772328263148282
2 0.13444129778640398 0.5451724251834346 0.007301416408706718 0.01185157446050944
2 0.703657729672708 0.6078164616175559 0.006031604859366411 0.008465410328935476
2 0.8028383520704031 0.7094013855647796 0.005079246197361158 0.00931195136182879
2 0.7488947661179562 0.9117246924263337 0.008253775070711953 0.008465410328935406
