0 0.9488161920760709 0.8249786950098165 0.007409988278531188 0.018662192701486047
1 0.9700856028755589 0.8473001411821823 0.0049399921856876005 0.006220730900495539
1 0.9195879049774198 0.8674260352720203 0.005488880206319493 0.003293328123791639
1 0.8413713620373673 0.7027596290824363 0.0043911041650557085 0.006220730900495397
0 0.9617017405657093 0.6076961945388605 0.0073166823993867066 0.013261486848888709
1 0.9483137989317683 0.14860277885670922 0.004990391827277563 0.009505508242433435
1 0.7464405676330884 0.24936116622650345 0.005703304945460132 0.007604406593946713
1 0.7024775920118338 0.10186736333141151 0.006178580357581609 0.007921256868694507
1 0.1438020966346895 0.24430775271971455 0.010496503403991931 0.01679440544638709
1 0.015044988212388439 0.6315121005114172 0.006297902042395158 0.01492836039678849
1 0.6203433511759232 0.6002558459306411 0.009096969616792946 0.008397202723193544
1 0.625941486324719 0.582061906697055 0.004898368255196317 0.013062315347190108
1 0.18613799369745698 0.7784071503601703 0.008397202723193544 0.012129292822390739
1 0.26696106990819485 0.6571142221362635 0.00769743582959407 0.010263247772792283
1 0.18333892612305913 0.4938352802963888 0.009796736510392492 0.01586138292158779
1 0.46359556700964377 0.3940018701428654 0.006297902042395265 0.008397202723193473
1 0.6487692817013285 0.8548520292504478 0.00391228633268014 0.007937972269206029
