1 0.23730740581511853 0.45147393649338996 0.004537426497421002 0.007562377495701682
1 0.055129731943665196 0.5083430152610666 0.005898654446647305 0.008772357895013983
1 0.44977240155685705 0.515149155007198 0.006125525771518383 0.008469862795185818
1 0.9086196561085561 0.5547760130846748 0.0058986544466471 0.00725988239587366
1 0.9479818309736834 0.7808911002061549 0.005218040472034034 0.006957387296045425
1 0.22348093424748428 0.6219480757985365 0.0067114517450774965 0.009942891474188968
1 0.4984363007416973 0.8923605444927977 0.007713625045615799 0.008469862795185747
2 0.7300185951733615 0.2906834493569558 0.006526977836661701 0.007802364310492322
2 0.3783663126393816 0.0243159494365399 0.005311062931724208 0.008025606207938893
2 0.3230011439643642 0.003894779483264463 0.005134027500666747 0.005901181035249186
