1 0.13234817100145405 0.43674838548489403 0.0389849762218331 0.040992332721060336
1 0.16515260221250877 0.47562771136466253 0.0703631278150159 0.14579747204913196
2 0.180757506201981 0.15425427497237099 0.010236701184159074 0.01340520393163688
2 0.30451191158904684 0.11879141729867708 0.00767752588811927 0.01316147295106168
2 0.03273238634045175 0.08565328084204599 0.007620683436805647 0.010544341862246788
2 0.08521445151845289 0.09332189310549822 0.007620683436805642 0.010160911249074207
1 0.054611202117190734 0.6345115660944021 0.01005353676152036 0.011062144009439905
2 0.05734420240187589 0.6242953507445076 0.0041971075800521975 0.0065071435349646125
2 0.06400828076018367 0.6818313196867161 0.0063565983579675755 0.008202062397377717
2 0.1137332840442849 0.693450908083001 0.004921237438426509 0.006288247837989331
2 0.1984899100165361 0.9118278292281914 0.0077919592775086595 0.009569072796940503
2 0.2274021799672918 0.8821637035576763 0.006971753037770938 0.009295670717027917
2 0.26000537799686746 0.9000715397919504 0.0045111343185576655 0.009022268637115331
2 0.2626710482760152 0.97197628680896 0.006971753037770867 0.007928660317464847
2 0.7503861835800761 0.8105004659008557 0.00758690771757415 0.009022268637115189
2 0.8315866013141135 0.8379773749320703 0.005536392118229827 0.008748866557202887
2 0.7633044318559459 0.9277899581833543 0.007586907717574292 0.00956907279694036
2 0.6950924909836936 0.985390918640525 0.004433391742037145 0.005235624533453489
2 0.6367344600964606 0.12758751554994396 0.00632220701177765 0.009529123611954642
2 0.6997033890643408 0.06798663192375315 0.007971478406154232 0.008429609349036778
2 0.8293004106820053 0.09547448849669916 0.0065970855775069025 0.007696599840424874
2 0.8914311886606393 0.2767110895009899 0.0065970855775069025 0.007330095086118966
2 0.802499750523383 0.45849744763673955 0.008521235537613308 0.010262133120566475
2 0.7535713658235391 0.36888703520893557 0.007421721274695443 0.006963590331813024
2 0.8701280998166061 0.5147559274227025 0.007971478406154517 0.00916261885764868
2 0.829446072088646 0.6335034678178292 0.006871964143236511 0.01282766640070804
2 0.9022888920069531 0.682431852517673 0.005772449880318647 0.008063104594730816
2 0.9176820916878026 0.7480362035384376 0.005222692748859714 0.008063104594730816
2 0.9903874723232449 0.6974585474442169 0.007696599840425051 0.008796114103342632
2 0.9218052701737446 0.7601308604305339 0.004672935617400782 0.007330095086119144
2 0.6373059546437534 0.6380847772466535 0.0063222070117774365 0.008063104594730745
2 0.9096681892323736 0.9759814818131374 0.006294517364035812 0.006331327407100389
2 0.9472696482227982 0.9499199713234452 0.005079785942906057 0.0060368470625842005
2 0.9493126056128801 0.9673679317360356 0.004748495555325292 0.005595126545809563
