1 0.15695900155682924 0.025440532813842075 0.007723018889916382 0.010903085491646605
1 0.14219440662022442 0.2692456389464952 0.007268723661097738 0.009085904576372207
1 0.2307819762398531 0.2871145846133606 0.006360133203460521 0.007268723661097702
1 0.12790022434666765 0.5729112579256858 0.00647164916800719 0.008628865557342848
1 0.397836117275387 0.3624123534084005 0.004768583597478866 0.0054498098256902236
1 0.6922560514055545 0.6047018152422122 0.0044279704833734 0.005903960644497772
1 0.6914045186202904 0.36922461569051335 0.004768583597479079 0.007266413100920275
0 0.9371481754353647 0.648990753355137 0.01919757309698056 0.026381339275032972
0 0.956345748532345 0.6433025835486242 0.018903357417333382 0.027950489566485003
1 0.3382665072655551 0.8396731447133041 0.008289710085023501 0.014113762811424664
1 0.3457910133427303 0.770889806674493 0.004973826051014072 0.0071419040732510555
0 0.25313756139242855 0.7581364065436879 0.008672312088947755 0.01224326412557332
1 0.33836621350979484 0.6294720243753131 0.009288874195309873 0.01154072248508193
1 0.2954051703564868 0.6363683097627401 0.005699990983485535 0.008444431086645422
