1 0.14616318477166323 0.18691983596042566 0.006095212042187814 0.010402495218667198
1 0.2737969249350756 0.2569741396986373 0.009264722304125428 0.00877710534075046
1 0.34194139556673503 0.09719831469942132 0.008045679895687883 0.007801871414000363
1 0.5697804217037148 0.12678041047750607 0.0063390205238752625 0.009102183316333754
1 0.5510071686137763 0.18285636126563376 0.007314254450625413 0.008777105340750388
1 0.9383164541330596 0.1412463803909651 0.008289488377375562 0.010077417243083815
1 0.7137688424988613 0.25794937362538733 0.006826637487250337 0.010077417243083815
1 0.6902218116573456 0.4895674312285234 0.007314254450625271 0.007801871414000417
1 0.47018465693436623 0.6147224518281128 0.0060952120421877256 0.008452027365167182
1 0.45567805227395936 0.5368662766759007 0.006339020523875334 0.010727573194250582
1 0.7230140524443159 0.6686853957749489 0.006095212042187939 0.009752339267500503
1 0.8829719287899945 0.7668589444011201 0.004876169633750323 0.007151715462833579
1 0.8657834308310248 0.7870137788872877 0.00560759507881258 0.006501559511666813
1 0.8362826045468359 0.7618202357795782 0.008533296859063028 0.01072757319425051
1 0.09898624356512972 0.8148079457996641 0.006339020523875281 0.00942726129191712
1 0.08752724492581669 0.8361005532003734 0.006826637487250337 0.009102183316333737
