1 0.04980036900998483 0.4165565649244143 0.008344746245168606 0.013351593992269812
1 0.4976847290040605 0.8870972757972581 0.0047992620723039895 0.006399016096405177
1 0.5977634586882811 0.7572348903113864 0.007340047875288462 0.007904666942618235
1 0.48060500221733177 0.7322034449930953 0.005081571605968876 0.008281079654171464
1 0.563462850347991 0.7849012246105506 0.006493119274293662 0.008281079654171464
1 0.9590025962399793 0.9414051387748472 0.003351543428289574 0.004189429285361967
1 0.612448406557833 0.6391862910512637 0.007133043249149509 0.010951743170411561
1 0.6044507520057562 0.603304921979784 0.008862265855003954 0.011816354473338748
1 0.6536419305000156 0.2934865076736965 0.010676181189008673 0.016343783548605943
1 0.642109425052642 0.3309519668880386 0.012673948730943322 0.015746421150565907
1 0.6628486138850949 0.2334009675650202 0.010369594416226419 0.01574642115056598
