1 0.0996231757446984 0.07300210674404899 0.008233320309479203 0.00987998437137505
1 0.007547210283689272 0.027993289052229305 0.008507764319795181 0.010611835065550981
1 0.6822678096455101 0.10410576124652599 0.007135544268215455 0.006952581594671337
1 0.7331771735591234 0.24773145997855217 0.006861100257899295 0.010245909718463082
1 0.7554071383947171 0.008233320309479208 0.00740998827853133 0.00841628298302319
1 0.9433273118697517 0.0841628298302319 0.005763324216635368 0.007318506941759307
1 0.8228463913410394 0.09514059024287086 0.005763324216635368 0.00951405902428709
1 0.9958833398452608 0.09312800083388709 0.005488880206319493 0.008416282983023198
1 0.906826258497727 0.25706255632929526 0.005214436196003334 0.006952581594671337
1 0.8225719473307233 0.25322034018487166 0.004665548175371725 0.005854805553407445
1 0.8065169727272388 0.22010409627341082 0.006037768226951528 0.00841628298302318
1 0.7398270782204572 0.28103066656355696 0.0071355442682153125 0.005854805553407445
1 0.7668598132365807 0.29402101638517975 0.007409988278531188 0.009148133677199084
1 0.5049769789813914 0.32439282019348076 0.006586656247583349 0.009879984371375024
1 0.6065212627983017 0.33408984189131197 0.008233320309479169 0.008782208330111204
1 0.8806168555125515 0.37818384621541157 0.006586656247583278 0.006220730900495468
0 0.9657684723019109 0.633416775809267 0.009331096350743166 0.010977760412639058
1 0.9682384683947547 0.6240856794585239 0.0038422161444235316 0.0076844322888472046
1 0.9756484566732859 0.6824507723190544 0.006037768226951385 0.008782208330111275
1 0.8130403805610718 0.748500297468432 0.006312212237267403 0.006952581594671301
1 0.8790441650420633 0.7408158651795848 0.006037768226951243 0.006220730900495397
1 0.8946874736300738 0.7656987887815663 0.005488880206319493 0.006952581594671301
1 0.6764357376091419 0.7905237731101912 0.006664391503538382 0.0076164474326152745
1 0.3514276448205129 0.9192099995237529 0.004998293627653822 0.007299095456256311
1 0.09413452998747907 0.9433287497270348 0.0064263775212691065 0.008568503361692166
1 0.1300746413101323 0.5513990589237082 0.004998293627653769 0.008568503361692166
1 0.4916178803770873 0.6510475795004244 0.005950349556730643 0.007933799408974096
1 0.522797712054356 0.7126138629140644 0.007854461414884568 0.006664391503538382
1 0.6821480731836033 0.5936068717794512 0.0071404194680768284 0.009203207314410093
1 0.5902771803377747 0.2142803758703976 0.005199024340683636 0.006019922920791565
