2 0.9664545823277007 0.2713336448657258 0.007409988278531188 0.006220730900495468
1 0.7632287926887225 0.46381037743399534 0.009331096350743024 0.012807387148078745
2 0.6778767054804546 0.4312430215431664 0.0049399921856876005 0.006220730900495326
2 0.19650191138623704 0.6890374285666375 0.0071355442682153125 0.007318506941759324
2 0.9223323450805794 0.6573848860435285 0.005488880206319635 0.0076844322888472046
2 0.8211364788653926 0.5829190779111277 0.006037768226951243 0.008782208330111204
2 0.9246018707545147 0.8765001953578119 0.004939992185687458 0.005488880206319493
2 0.36202510080318434 0.16934263254012258 0.005045301150648314 0.007474520223182672
2 0.4423995510780958 0.25642079314020116 0.004064270371355647 0.005605890167386995
2 0.4495470610415143 0.2743596416758397 0.006306626438310445 0.00560589016738703
