2 0.6333251311605568 0.28197746784443184 0.004299275274130068 0.009745023954694893
2 0.5764109156268341 0.3446104019173941 0.006141821820185882 0.007916125901572925
2 0.8354924949392881 0.3362988658875123 0.004913457456148791 0.00545939717349853
2 0.9667227544972602 0.5084063617820549 0.005322912244161131 0.008462065618922807
2 0.29603581173296023 0.5653205773157776 0.0049134574561487555 0.007643156042897985
2 0.5382283188422907 0.9005275637685899 0.00491345745614872 0.007643156042897772
2 0.8817699299614213 0.8561699617339141 0.005937094426179783 0.006278306749523352
2 0.7216731078485756 0.8139961185686375 0.0051181848501548185 0.007097216325548174
2 0.9628419779878752 0.8980708350405157 0.004299275274130139 0.00545939717349853
2 0.6836871322836933 0.7127243010002391 0.004708730062142479 0.007097216325548033
