2 0.10192841308407634 0.5335567612342148 0.010136527268029702 0.012314003495976777
2 0.3536521735734804 0.36926993410496317 0.006757684845353111 0.008709904911788443
2 0.7262258647139493 0.6352223754631939 0.006307172522329552 0.0072081971683766
2 0.6722770140318801 0.7678231692064563 0.006532428683841403 0.009310588009153235
2 0.4205532535424762 0.9600417603631678 0.006757684845353111 0.009310588009153378
2 0.38777848204251364 0.9746083254742623 0.006081916360817843 0.008409563363106116
2 0.832859928158266 0.9384171688580377 0.00540614787628229 0.006907855619694203
2 0.8762217392492818 0.9237004329726021 0.005631404037794283 0.006307172522329552
2 0.9022388259038914 0.9026765245648367 0.0058566601993059915 0.00810922181442379
2 0.9017883135808679 0.8729427112452831 0.006757684845352969 0.010511954203882823
2 0.911361700445118 0.8574751214881414 0.00698294100686482 0.009610929557835561
2 0.9383924398265308 0.8412566778592938 0.008334477975935641 0.008409563363106116
2 0.9098975353952915 0.7816388804458453 0.004505123230235455 0.0057064894249649
2 0.8711782046467738 0.33653270529858575 0.005631404037794283 0.008709904911788443
