0 0.02543702019760049 0.648545535708422 0.016854989630776605 0.02826190180514075
0 0.04328667791540358 0.6399788487079727 0.02068566909231676 0.030304930851295212
1 0.8794252868277448 0.28905077574426935 0.004978191667697587 0.006637588890263792
1 0.8733990548089529 0.36905118921113245 0.006550252194339095 0.009432363159848548
1 0.7103093479541451 0.44891061705204804 0.007336282457659849 0.008384322808754306
1 0.49506806084815835 0.9243715896651511 0.006026232018792044 0.008384322808754235
1 0.502011328174158 0.8971225405366999 0.00524020175547129 0.006986935673961909
1 0.5870336016566811 0.8730176124615316 0.005502211843244851 0.007685629241358072
1 0.7515882357818794 0.6984490246475952 0.006550252194339237 0.00733628245765999
1 0.7809210666091221 0.8735364643012907 0.0070742723698865 0.011877790645735046
1 0.6875144703178446 0.809436497828479 0.005764221931018625 0.007685629241358072
1 0.7357243264681814 0.8029735823300642 0.010480403510942721 0.008733669592452316
1 0.4243413127667885 0.38000876257218563 0.007312027215970005 0.009966022279544191
3 0.024709112567252535 0.6530372106898044 0.01269048077472184 0.009754251889589938
