1 0.8355154226274516 0.5870390781897347 0.010324291259773162 0.014949869781176659
2 0.5520827781830038 0.4755753392467385 0.009418172876795125 0.01698964518951307
2 0.31330439524778364 0.47225127823139906 0.006094111861455751 0.011818883610095981
2 0.24100606816414966 0.5845306725273107 0.011080203384464972 0.014773604512620012
2 0.28089480034822356 0.7658766679197205 0.008864162707572057 0.014034924286988968
2 0.36592371677195557 0.3006428518318162 0.009418172876795267 0.010341523158833965
2 0.4958391014548074 0.1540148270440631 0.007756142369125527 0.011080203384464972
2 0.45567336418612187 0.21495594565862045 0.007202132199902209 0.010341523158833965
2 0.9412632775102991 0.10673929260367924 0.009972183046018443 0.009602842933202975
2 0.5362818438081045 0.009972183046018473 0.006648122030679033 0.01108020338446497
