1 0.008718069689805796 0.9583314670847816 0.0042184208176479655 0.006936958677909928
1 0.4820951924435351 0.873775565362149 0.00576517511745223 0.008436841635295877
1 0.48357163972971196 0.8854934009667267 0.0042184208176478675 0.006749473308236844
1 0.7572768437814374 0.9389267313236008 0.007171315390001496 0.008624327004969245
1 0.9392547402258691 0.9210218785198062 0.0064682452537269345 0.008061870895949426
1 0.94054823946543 0.618523363542626 0.0060014395492312645 0.006251499530448896
1 0.8859726485646101 0.49074271314024814 0.006751619492884799 0.008752099342628626
1 0.9586361954967048 0.2945706578747578 0.004313534676009851 0.007501799436538761
1 0.8251041655263137 0.14565993905946215 0.005813894563317632 0.008752099342628607
1 0.8113196090616737 0.17929300653327787 0.006751619492884799 0.00850203936141071
1 0.800535772371649 0.059264215548656705 0.00618898453514447 0.0070016794741028935
1 0.588703710782384 0.19304630550026572 0.006376529521058032 0.009002159323846577
1 0.5712620270924312 0.10289968227119087 0.0071267094647117805 0.010252459229936388
1 0.2563828881339894 0.4687593988492998 0.007222053186872941 0.010014580419130469
1 0.5389096088044588 0.4356342482321759 0.005488760422023234 0.008473875739264329
1 0.4942773201095841 0.670206535741809 0.005777642549498268 0.00770352339933126
