1 0.16800492952481985 0.5798891151581871 0.009479901979456926 0.009269237491024427
1 0.4691221710211186 0.07056961482296485 0.006630702063902732 0.007893692933217551
1 0.4883038448488372 0.09061959487333744 0.00615708048790971 0.008209440650546239
1 0.9180634673532019 0.14966441801380467 0.0056834589119165455 0.006946449781231437
1 0.9492040859747451 0.11398492595566134 0.006393891275906185 0.007577945215888846
1 0.778752276326577 0.2767528742386071 0.005446648123920142 0.008525188367874961
1 0.8941975354748835 0.5130900406591404 0.004736215759930645 0.0069464497812313656
1 0.9421517200441801 0.5023546182699645 0.007341134427892371 0.009472431519861005
1 0.9201283167605032 0.9587949228886046 0.0049730265479270485 0.007262197498560283
1 0.8018413281562381 0.95137485153138 0.005209837335923453 0.0069464497812313656
