2 0.17050876381588073 0.7635173200667208 0.006030856597989356 0.009503167972589068
2 0.6688768226860915 0.8898254780487923 0.0049343372165367326 0.007675635670168362
2 0.6584598885622915 0.9349655259185912 0.006579116288715596 0.008041142130652332
2 0.8865102440196551 0.9210762804201917 0.00767563567016822 0.008041142130652617
2 0.8913075163135101 0.9504995504891699 0.006304986443352476 0.009137661512105098
2 0.9345962547406248 0.24365398489884554 0.005464535281372349 0.009857593056593537
2 0.9452038820515243 0.12836300523694683 0.006107421785063422 0.009857593056593571
2 0.7995900889655388 0.05593112582110704 0.005464535281372633 0.008143229046751204
2 0.6798524776531113 0.04971655628542848 0.00835752454798154 0.009429002054132987
2 0.6424043388131173 0.35144462201768406 0.005464535281372562 0.006857456039369439
2 0.7388373143667502 0.3330152089118787 0.0061074217850635645 0.00771463804429061
2 0.9088807945929893 0.5944557204128388 0.006107421785063422 0.00771463804429061
2 0.2097417218291514 0.8987553321598579 0.006107421785063422 0.00771463804429061
