1 0.11874439405494652 0.024706435943719254 0.004385757859831827 0.007601980290375154
1 0.15202133181642044 0.11870784607278127 0.004056826020344406 0.007017212575730909
1 0.1263098263631564 0.29114122592850233 0.005043621538806597 0.006286252932425569
1 0.08495678498130264 0.5924341887065236 0.005630664111821204 0.008390793578400207
1 0.6895907459301056 0.7955797174467406 0.007949172863747548 0.010157276437010835
1 0.7074763848735378 0.8072826663850355 0.00794917286374769 0.009715655722358036
1 0.5491553586705645 0.5158129947142897 0.007286741791768563 0.008832414293052863
1 0.6518321748273044 0.42859290357039226 0.008611603935726606 0.009274035007705522
1 0.4512811677856719 0.2168357708944489 0.004968233039842289 0.00706593143444227
1 0.21793982268108042 0.7492095424082127 0.00794917286374762 0.010157276437010978
1 0.26679411423952937 0.4979273557708575 0.005630664111821275 0.009274035007705593
1 0.3804010430839223 0.45862311216677215 0.006293095183800262 0.01104051786631608
1 0.16047392718690495 0.33430687777666956 0.007617957327758145 0.010598897151663494
1 0.02666285064715346 0.8423414048690057 0.007617957327758131 0.008832414293053006
