0 0.17511382168029985 0.16720185945341562 0.012119523009102622 0.01330771153940681
0 0.07533115282128484 0.03517038049700365 0.011406609890920096 0.017109914836380163
1 0.02720951734396566 0.04990391827277545 0.005465667239399217 0.007921256868694515
0 0.39055756991098306 0.65318684139255 0.0068914934757642494 0.010456059066676744
1 0.22860747323052372 0.5712810453702486 0.006178580357581751 0.006970706044451305
0 0.3123747646169682 0.550527352374269 0.009267870536372555 0.012990861264659016
1 0.3155828736487895 0.5486262507257823 0.008079682006068402 0.0060201552202077836
0 0.4472341628064924 0.8201669361846301 0.005703304945460132 0.009822358517181157
1 0.45317510545801326 0.8203253613220041 0.005703304945459991 0.0069707060444511625
1 0.5632013633641801 0.8722888063806402 0.004752754121216753 0.0063370054949557185
1 0.9320150831705968 0.30940429329120783 0.004752754121216753 0.004752754121216682
1 0.9316586266115056 0.30591894026898225 0.004515116415155802 0.006020155220207819
