1 0.2321924050814017 0.07771131901805027 0.011051096338119848 0.018860537750391284
0 0.2252196830511295 0.20760322168130585 0.010976410545813203 0.015719303991534907
1 0.22407941980975457 0.3516578858952656 0.006096509970411184 0.008482100828398273
1 0.2559535643289699 0.38991569484002014 0.004638648890530348 0.008305390394473377
1 0.2848769189464662 0.33326537834787673 0.006205561212849027 0.008559394776343581
1 0.22298014824475715 0.45259232736055405 0.00820010888951252 0.013536687690623949
1 0.43596146996849394 0.3397285514646444 0.005314022018780946 0.010419651017217433
1 0.4687833706727288 0.3086779914333366 0.005314022018780875 0.00916929289515128
1 0.5036371033253211 0.20177237199668582 0.005626611549297564 0.007918934773085234
1 0.5592780397572621 0.22782149953972933 0.007502148732396492 0.00916929289515128
0 0.48982779431939105 0.4347078404383109 0.007502148732396563 0.008335720813773904
1 0.5213993369015598 0.398864240939083 0.004376253427231234 0.009169292895151315
0 0.23084736828645197 0.5345280971832538 0.009065096384979121 0.00958607893583995
0 0.22615852532870412 0.6572715861660751 0.010315454507045239 0.014170725383415714
1 0.30289925507051046 0.6595639093898629 0.0056266115492974575 0.009586078935840021
1 0.28336240941322777 0.8769178296090183 0.004063663896714793 0.007502148732396705
1 0.27195289154937474 0.798353660939199 0.005001432488264363 0.010419651017217433
0 0.09471462774650635 0.9166427918622605 0.006251790610330463 0.009169292895151386
1 0.47404202302830667 0.8039802724884961 0.005314022018780804 0.010002864976528797
1 0.35791501244141855 0.7862668657592267 0.0068769696713635396 0.00958607893583988
1 0.35010027417850537 0.8719163971207539 0.008127327793429586 0.011670009139283479
1 0.49686105875601283 0.8427413742725451 0.0059392010798139695 0.009169292895151244
1 0.389330260258329 0.6999921553366665 0.005314022018780946 0.00875250685446275
1 0.5570345433804434 0.6404264847481818 0.006876969671363468 0.010489117477215686
1 0.4865456042489676 0.5466148923632259 0.006564380140846922 0.00958607893583995
1 0.5396858244367765 0.024381983380288772 0.004688842957747781 0.009586078935840032
1 0.4010523676526986 0.09461043123633418 0.006251790610330374 0.008335720813773938
1 0.32181092166676 0.13045403073556208 0.004688842957747816 0.0075021487323965455
1 0.31471661154934394 0.18325088843926474 0.003722848975886599 0.006573679272736648
0 0.6275127144980638 0.5316478502002385 0.005712566550864508 0.008568849826296798
1 0.6410013062179754 0.7048033188834211 0.005000459174796959 0.008810332831785103
1 0.586532018778223 0.6506316778231209 0.0042861078641115566 0.0071435131068527365
1 0.5608550728017782 0.6167232982249558 0.005179047002468167 0.008095981521099915
0 0.6376077086438032 0.9646753380647581 0.010953391087353239 0.01402034059181247
1 0.7588374401411698 0.7843613786744195 0.006247288467261569 0.007330151801586737
1 0.7814526243926565 0.7150581252775986 0.005997396928571135 0.008662906674602766
1 0.7617898133789448 0.6012501383183914 0.007142466784443968 0.00685676811306628
1 0.8462749269093891 0.7218425219534259 0.0063580557046772415 0.006593539249294764
1 0.8710006990942446 0.7198409118241759 0.006358055704677099 0.006829022793912429
1 0.8993470307775969 0.7303199295596623 0.005121767095434393 0.0061225721600595764
1 0.8198359605864287 0.6801942186281483 0.00459192912004454 0.007770956972383374
1 0.7828464780394156 0.5490079564230993 0.007287716235704948 0.010494311379415039
1 0.9272890138310861 0.5037269462119196 0.005247155689707484 0.0069962075862765975
1 0.8156412011000875 0.4759364549664318 0.005247155689707484 0.007384885785514328
1 0.7563191909414501 0.45086671111560706 0.004955647040279132 0.0038867819923759585
0 0.8660721974511651 0.4166630295826988 0.00583017298856376 0.006996207586276668
1 0.8383788757554868 0.36108204709172326 0.005247155689707484 0.007773563984751846
1 0.8568896749941771 0.4428988080312364 0.0067046989368485296 0.00971695498093986
1 0.7124471392025069 0.3795442615555089 0.006413190287420179 0.007384885785514257
1 0.839836419002628 0.42365923716897547 0.006996207586276598 0.00932827678170213
1 0.8227831630110785 0.38770650373949833 0.0067046989368485296 0.007384885785514328
1 0.7582139971627333 0.4454252163262808 0.005830172988563902 0.006996207586276668
1 0.8105397997350942 0.4248252717666884 0.005538664339135834 0.008550920383227023
1 0.7668135023208652 0.4570855623034085 0.004955647040279274 0.006218851187801562
1 0.8211798654392233 0.5299627246604571 0.00408112109199493 0.007384885785514186
1 0.9146222372816356 0.2541090809293957 0.005710215915995462 0.011420431831991103
1 0.6869273776313122 0.22460629869675192 0.009041175200326136 0.009517026526659294
1 0.7837631225400705 0.344520832932659 0.0076136212213273775 0.0120549002671018
1 0.7516071699429179 0.16401009047609516 0.00904117520032642 0.010785963396880547
1 0.8736630351473232 0.14624497429299782 0.01427553978998887 0.015861710877765507
1 0.9062588510011313 0.10278388648792039 0.007137769894994506 0.015227242442654845
1 0.904593371358966 0.04917130372107301 0.006661918568661634 0.009517026526659303
0 0.9290997146651137 0.18653371992252218 0.009992877852992308 0.013958305572433681
1 0.6112310286746933 0.14307263211744473 0.008089472547660322 0.009517026526659311
1 0.6485853577918309 0.21445033106738942 0.007613621221327236 0.011420431831991209
1 0.6466819524864991 0.23443608677337394 0.00761362122132752 0.010785963396880512
1 0.8046645928290433 0.210960754674281 0.0057102159159957465 0.008248089656438076
1 0.775875587585899 0.11579048940768807 0.009992877852992308 0.01078596339688053
1 0.7525588725955836 0.18811989101029872 0.008089472547660393 0.010785963396880583
1 0.7651689327434074 0.2756765350555643 0.012372134484657096 0.010785963396880512
1 0.5781593614945522 0.28202121940667046 0.007613621221327307 0.00824808965643804
1 0.61551369061169 0.2962967591966594 0.007137769894994506 0.01015149496176992
1 0.6121827313273591 0.23348438412070802 0.007137769894994506 0.010151494961769956
1 0.6218551061779032 0.029746417617908284 0.007729541679110667 0.011594312518665904
