0 0.756455799977298 0.5292796432767812 0.014678724946171826 0.013420548522214233
1 0.18508341602908196 0.6583787758015819 0.006739965891175288 0.011233276485292123
1 0.15817739420103616 0.5150904888085024 0.00995522061405124 0.01253620373621267
1 0.06900279648310895 0.8106765626540855 0.007484228298764979 0.00997897106502009
1 0.09020810999627635 0.8276777726167119 0.00609826009528998 0.0070222388976065985
1 0.12820205882143698 0.900025493589337 0.004157904610424961 0.0070222388976065985
1 0.7213518396580298 0.35158706007405366 0.004816480433575663 0.007492302896673095
1 0.7479762731658499 0.3134119929338624 0.0050840626798850505 0.008205855553499007
1 0.9640102842751486 0.3712180207858232 0.003769454822007674 0.0067491191098805105
1 0.5314384210049101 0.10248708713790135 0.007107885817973951 0.010179194504752792
1 0.6012439575047971 0.17798791574257572 0.005277661705116259 0.008042151169700808
1 0.9591628353059707 0.5362085151171315 0.004003673257502953 0.006619406452404846
