1 0.28140265791715335 0.8832416765728819 0.006165684865557921 0.007554352628070831
1 0.3061487174451358 0.8323608897544039 0.00833200657507824 0.010220594732095946
1 0.2203910418653623 0.8309112942667244 0.007045362738886496 0.00884123951546556
1 0.16485700615884535 0.8306350055318661 0.009531961352611163 0.010498971924615148
1 0.4206495988217513 0.834944556741762 0.009946394454898595 0.011051549394331773
1 0.6359475954600764 0.8316290919234625 0.011189693761760964 0.01105154939433163
1 0.5249497632187102 0.6591896013762519 0.0039843093971461485 0.006478551865278206
1 0.2484748726082937 0.6834094884190313 0.005800969788520476 0.008471257468950597
1 0.051794373111789964 0.6583640315543081 0.005248496475328039 0.008471257468950597
1 0.002348011581067812 0.5635657503521964 0.004696023162135624 0.008017000134979285
2 0.29004342775890846 0.5010375430511521 0.0052629878752303225 0.010938759113223711
2 0.8465068612287499 0.3880771574388929 0.004642937618335879 0.007978974277436279
1 0.9163812519161244 0.29266058447794785 0.007810067487921515 0.015186242337625125
2 0.731344157825141 0.0907817168243964 0.0066232269147431565 0.009970449118968255
1 0.0986314957837219 0.0407724244766906 0.005394530618547737 0.006833072116827155
