1 0.6268720236675321 0.15023023397886745 0.005639763952416601 0.008827456621173901
2 0.8261028154648605 0.5334072399053803 0.005884971080782719 0.0068657995942464824
2 0.776938786227489 0.5533507530124769 0.007111006722612103 0.00686579959424634
2 0.9156034173184295 0.5008764275421652 0.005884971080782719 0.00850051378335273
1 0.10445823668389152 0.5253971403787595 0.007356213850978275 0.01111605648592274
1 0.6375385337514508 0.6172680778065327 0.006865799594246411 0.00850051378335273
2 0.7165405596089705 0.6466929332104456 0.003923314053855051 0.009154399458995216
1 0.9452734798507086 0.7483721557728564 0.004413728310587146 0.008500513783352658
1 0.2703408590234516 0.7485356271917674 0.0076014209793442335 0.009481342296816422
2 0.3473756917904517 0.8365786866042594 0.005355538898833387 0.008052299620941028
