1 0.9975697510133646 0.9944873428946969 0.003976771069039842 0.007069815233848686
2 0.9709949360238874 0.7320204523380691 0.004860497973270839 0.011193874120260149
1 0.7323886718814987 0.7788579782623158 0.0039767710690397 0.009426420311798155
2 0.5976203189862607 0.741741448284611 0.0057442248775020485 0.012961327928722283
0 0.8956609533242207 0.3342246115380652 0.004360708024924946 0.006871418705942389
1 0.5183265221119582 0.33914009661745204 0.00400377844442545 0.0066729640740423694
1 0.4394654077006778 0.2742802176290119 0.007856708093456533 0.010475610791275364
1 0.37621890754835263 0.29601711002090825 0.00471402485607392 0.00576158593520141
1 0.4879808667350187 0.5351650726822992 0.00624636077733463 0.007360053008952363
1 0.9405473496477321 0.010895977558217038 0.007084304082793551 0.008754587159224492
1 0.7158470721517725 0.05149701928011694 0.005496942528957476 0.008550799489489452
1 0.2615348162411242 0.058743383792509665 0.007334053091785861 0.007772842593003766
1 0.11348446368942312 0.29500366415845525 0.007527028325260953 0.007225947192250501
1 0.1841287348744196 0.28335027203070934 0.00694802614639471 0.010366896154938203
1 0.3293146217163995 0.32439213448151377 0.0066533769453813105 0.0068751561768939954
1 0.3837960691364206 0.323891127973846 0.009118814349974897 0.011032639583920166
