1 0.1542432923920468 0.2243688559715196 0.005073068088952724 0.006129957274151181
1 0.6091008315190396 0.17970395244631873 0.005621604351814042 0.007120698845631033
1 0.5811333498687654 0.3346728457446562 0.005902684569404713 0.009744114209810846
1 0.2566262386603061 0.3605322257630003 0.0061837647869953825 0.008245019715993679
1 0.5509172264777654 0.8445523604541799 0.006183764786995311 0.007120698845630926
1 0.7350247689996717 0.5209353366014245 0.004497283481451148 0.006745925222176652
1 0.7419112343306438 0.5051948444163455 0.004216203263860479 0.00824501971599375
1 0.8527973801701737 0.6024485997027266 0.006745925222176652 0.0093693405863565
1 0.9638240661184989 0.7454247370505277 0.005059443916632631 0.0074954724690850585
1 0.9278457982668897 0.6957672319428378 0.005059443916632347 0.005621604351813972
1 0.9411971086024478 0.7529202095196129 0.005340524134223301 0.005996377975268245
1 0.9795645583035778 0.5441713012555888 0.004497283481451148 0.005996377975268245
1 0.7666462934786251 0.42611760986749614 0.007589165874948947 0.009744114209810846
