1 0.11366964160167586 0.8771205831951431 0.0055629514650085985 0.008406237769346347
1 0.483580550684751 0.8864350409638138 0.003533792509586462 0.005048275013694905
1 0.6557709242789765 0.9120550191408909 0.003533792509586533 0.0060579300164339146
1 0.9393577731732913 0.589975073267152 0.002776551257532276 0.004711723346115307
1 0.8595950279569108 0.6172357583411049 0.0037862062602712853 0.0060579300164339146
1 0.9803750076595628 0.3607833876454005 0.0025241375068473814 0.0033655166757966272
1 0.8975832974349655 0.048463440131471705 0.0045434475123254 0.005384826681274637
1 0.4105509654887433 0.02103447922372904 0.004795861263010295 0.006394481684013631
1 0.2466082344189992 0.06074757599812946 0.004038620010956002 0.0050482750136949675
1 0.17340824672042218 0.20748410306286325 0.004543447512325471 0.007740688354332299
1 0.23752133939434827 0.24820685484000266 0.0035337925095864265 0.007740688354332228
1 0.218211687466965 0.8960688149308571 0.003281378758901674 0.007067585019173066
1 0.397930277954506 0.2874151241130336 0.004795861263010224 0.004711723346115307
1 0.40651234547778725 0.2811889182628098 0.0032813787589017806 0.005048275013694976
1 0.46254819812980147 0.25073099234685015 0.004291033761640719 0.004711723346115342
1 0.4654509562626761 0.21673927392130402 0.003533792509586533 0.00605793001643395
1 0.8674166880090861 0.26466706197885725 0.0037890292160668083 0.006537932764978081
