1 0.09934775164040242 0.7618611248686065 0.0053827992643798875 0.0059288803491719475
1 0.153526796410139 0.7069409700552234 0.0042126255112538225 0.006552973017506077
1 0.21285460569363018 0.7557762213523509 0.005382799264379905 0.008737297356674674
1 0.45066517524214733 0.8891357759159643 0.004917950873150545 0.006942989467977156
1 0.8472350133772948 0.6918766622277 0.004705346870705682 0.005308596469513986
1 0.11604697363550925 0.6135669403651547 0.0038521816974442834 0.005136242263258879
1 0.21379608420815813 0.6153860261667254 0.005136242263259056 0.006206292734771353
1 0.3920483165067759 0.4318334042893288 0.0037384255491748775 0.006052688984378563
1 0.24019384153449067 0.3364582994257458 0.005073577531023154 0.00640872951287129
1 0.28104949217904557 0.2702347611260752 0.002937334360066046 0.006408729512871361
1 0.2603546364603984 0.12657240787920912 0.0037384255491749487 0.0060526889843784916
1 0.5677066226818535 0.13102291448536976 0.004272486341914216 0.004272486341914216
1 0.6204451259648573 0.11927357704510565 0.0034713951528052432 0.004984567398899955
1 0.7755897862556179 0.559517690526518 0.002403273567326636 0.0032043647564358223
1 0.6478957919981813 0.7078837569304062 0.003470808018056175 0.0036250661521920334
1 0.8986779815086874 0.24416674336083774 0.004079907022739065 0.007113684039647374
1 0.9900051310176897 0.19834624910546203 0.0053352630297357 0.006695232037315186
1 0.1756094565814786 0.048458269858568395 0.004141732466544284 0.005798425453162021
1 0.11389764282996846 0.009664042421936716 0.00372755921988988 0.006074540950931649
1 0.04999662763185628 0.15521635481763668 0.004733408533193497 0.011439070621884272
1 0.10126248200443427 0.34517564210337703 0.003831803214603742 0.004598163857524469
1 0.24838546940175366 0.49428478152004635 0.0045819212842175 0.005236481467677123
1 0.16462318358511802 0.4900795132754361 0.007893434364622144 0.008611019306860541
2 0.22806929858731323 0.5853699224765564 0.004861665299039899 0.008261653449348927
