1 0.8856205933562811 0.8493367340997757 0.004676201431625913 0.006927705824631119
0 0.8162561523696513 0.8624209970167314 0.010951159250069935 0.011264049514357452
0 0.8323700009804682 0.8516784312761868 0.0059449150214665285 0.006883585814329507
0 0.8513780845359463 0.8504268702190361 0.007978701739336458 0.00771795985243017
1 0.872202017849012 0.7268388641924733 0.0023577403664424425 0.003143653821923351
0 0.8295947503560583 0.8678911803166384 0.008895960892109684 0.009192492921846594
1 0.02779987778784256 0.5900987391766047 0.002668788267632887 0.003558384356843902
1 0.06916609593615228 0.3617690762791246 0.003558384356843849 0.007116768713687733
1 0.3741863550243608 0.056489351664896076 0.0037807833791465837 0.005041044505528784
1 0.6329476174735994 0.07872925389517013 0.00355838435684376 0.005041044505528803
0 0.7351399682217087 0.018088453813956226 0.006894369691385123 0.010082089011057569
0 0.7315815838648646 0.026687882676328857 0.0068943696913849805 0.008302896832635645
0 0.7433687320469101 0.006375438639345228 0.014455936449678148 0.008599428862372633
1 0.8643538001796008 0.18651864670456506 0.002891187289935573 0.005930640594739742
0 0.9281823195804875 0.2931219113950119 0.017124724717311038 0.021053774111326078
0 0.8903744857890215 0.2944563055288284 0.010897552092834247 0.009489024951583538
0 0.9219551469560107 0.3178823358780503 0.00867356186980686 0.020164178022115172
0 0.9449734457643442 0.31121036520896816 0.008451162847504322 0.008006364802898638
1 0.9838170806196754 0.556724145407565 0.0039926547891356275 0.00569068038911297
1 0.5875170509012346 0.5146133641452189 0.002295957341318697 0.003520467923355355
1 0.4822569831809373 0.5453995868298639 0.0026798673168568145 0.0043253998798391535
1 0.22387242751676353 0.15984730137346986 0.002694758394156516 0.0022242450237481923
2 0.7306816406052843 0.48790247902607403 0.004275607203479836 0.005700809604639759
2 0.8413694630223338 0.3675225243745436 0.003635132684658657 0.005977773748105335
2 0.7946075706395973 0.783045062818201 0.004307711230074034 0.007488510661563339
