1 0.19949723507053313 0.9566664603384047 0.0031563950385381646 0.005198768298768641
1 0.4149801072167534 0.9768671865087134 0.0031689543766482585 0.003809671928211031
1 0.4836048475449408 0.8859580058096749 0.0035798474582735195 0.0041222485883147895
0 0.5292308344881006 0.6633534357841506 0.012003007307121649 0.018861868625477028
0 0.6114286384489637 0.7668578945359041 0.011070491607173452 0.015231740225472806
1 0.8500418271046771 0.9389081004516968 0.004287641400745343 0.004844792543215135
1 0.8935042889458464 0.8340930541452509 0.0047944434544730545 0.004896452889674663
1 0.8643805951958023 0.8050543682578751 0.004488415148868512 0.005032465469943332
1 0.9904588518034694 0.6602202917246516 0.0038524264947626817 0.0054790065703289766
1 0.972095618845101 0.6444681478349554 0.004622911793714906 0.005479006570329119
1 0.9659317364534807 0.7144967005619738 0.00565022552565182 0.006506320302265749
1 0.9510356873403987 0.7538770602862138 0.00359559806177856 0.0065063203022658915
1 0.8825909099501161 0.5788912879463296 0.004879740226699312 0.005136568659683434
1 0.9754343884738952 0.5689605885376081 0.00565022552565182 0.00582144448097452
1 0.8423972601880928 0.4960213135701025 0.006677539257588449 0.007876071944847993
1 0.9890462954220566 0.4266776366643754 0.004622911793715048 0.006848758212911434
1 0.8061844511373242 0.4443131890626221 0.0041092549277468035 0.005136568659683434
1 0.9597598129457282 0.32699230178492583 0.003459869623115708 0.003610298737164257
1 0.7728014154219212 0.08038311711121056 0.006018702612320226 0.004012468408213507
0 0.6850286689922508 0.03209974726570804 0.006219326032730805 0.00695494524090341
1 0.7827322747322495 0.15555002529174355 0.004213091828624158 0.006152451559260719
1 0.8158351391000112 0.24275433869691704 0.004213091828624158 0.0056174557714988894
1 0.6750978096819223 0.2783315585830768 0.0036112215673921354 0.005082459983737131
1 0.48671241791629827 0.27846530753001725 0.004413715249034951 0.00802493681642705
1 0.5495075485048396 0.20971834880262585 0.00441371524903488 0.0048149620898561805
1 0.5365673378883511 0.14645509689979297 0.003811844987802715 0.005617455771498907
0 0.6034752485953113 0.023673563608459684 0.008024936816427014 0.012572401012402321
0 0.5198681392512424 0.030792952747262098 0.06364765660419404 0.061585905494524196
1 0.5946478180972415 0.24088185343975077 0.006018702612320439 0.007222443134784306
1 0.6188229402567279 0.21373081721083934 0.003009351306160184 0.0037449705143326284
1 0.5930428307339561 0.21707454088435063 0.0032099747265707636 0.006687447347022477
1 0.0821949099927501 0.5009754645726432 0.003941645895279979 0.007110420046387489
1 0.2749877665765912 0.10619257764930758 0.0055646765580423365 0.005873825255711349
1 0.4485785562586983 0.42282261810837596 0.0038996494629203937 0.0035746786743436586
