1 0.35808242983015853 0.8773434939690197 0.0038771492789035733 0.006646541620977331
1 0.2626768636457118 0.7669370525983393 0.0024924531078664813 0.005169532371871384
1 0.593065370055131 0.7551209786054904 0.00415408851311092 0.005908036996424357
0 0.6315313861551786 0.7319100738874557 0.0031374514269719355 0.005148638239133589
1 0.6303850096722465 0.7184753459822165 0.0018100681309453392 0.0030570039544855375
1 0.6404007199968109 0.7257960659784846 0.003016780218242374 0.0028961090095125995
1 0.6507181083431997 0.7242675640012418 0.0033787938444314134 0.00370058373437729
1 0.7236076579978475 0.6676192853418382 0.0029563343636679917 0.004730134981868872
1 0.7293232377676054 0.6634147209135105 0.004927223939446605 0.006832417196032594
1 0.89557222323381 0.6923078116518405 0.0027592454060902582 0.004467349705098229
1 0.3946235527347836 0.6064532642102625 0.003942512043750952 0.004380568937501153
1 0.35727920254258705 0.6330287157644356 0.004161540490625981 0.007300948229168469
1 0.3413996401441456 0.6539094276998574 0.004380568937501082 0.0052566827250012695
1 0.04369617515157316 0.6159079926126502 0.005475711171876343 0.006424834441668281
1 0.925285673823663 0.35453404600841976 0.0045995973843761815 0.005840758583334775
1 0.36271110802508844 0.3666536200688394 0.0026283413625005636 0.0043805689375010105
1 0.05793302419845163 0.06994308403543373 0.0050376542781262225 0.007300948229168451
