0 0.6860925027274161 0.1278068423195898 0.009369289951188051 0.009316356109655945
1 0.3041488887295338 0.07858253807616362 0.004193293125308344 0.005143772900378254
1 0.1467767797784034 0.3186752187415454 0.0027449735368547403 0.0039039623635266805
1 0.40752177427854086 0.05764833029307901 0.0043671326519107365 0.0070487053329085555
1 0.4153724404768052 0.2719202119422973 0.0032562201471658626 0.004884330220748687
1 0.39095078937306155 0.29389969793566656 0.004070275183957293 0.0065124402943316185
1 0.34536370731274 0.29620618720657566 0.003663247665561471 0.0051556818996791876
1 0.39410439468666325 0.3709377450979731 0.003459733906363738 0.004341626862887722
1 0.49591827298773283 0.32438776963431126 0.0033112688212077047 0.0038129762183603333
1 0.07291400528855699 0.5572280357476722 0.003193429660738083 0.003964257509881861
1 0.3217836904272842 0.813132817114836 0.003323498156830311 0.004431330875773795
1 0.3575522105254989 0.9895719369879546 0.003910523629516973 0.004866429405621204
1 0.449588781293633 0.8936575496965363 0.0033712911052437276 0.008043782286195835
0 0.39967543234534914 0.8916769246079889 0.043826784368169246 0.08990109613983435
0 0.7549535045205945 0.8148644150459436 0.007198972194595541 0.011915540184158146
1 0.7215651679629014 0.868815333101993 0.003475365887045996 0.003971846728052668
1 0.7215651679629014 0.8929774006976472 0.003475365887045996 0.005295795637403558
1 0.8591461815469242 0.8516622605658216 0.003611695659759846 0.007038176157480791
1 0.7355910972407351 0.9374986077002211 0.00440644500880552 0.004196614294100556
1 0.8175994513058816 0.5794490233799857 0.004364797425634919 0.006096859896124798
1 0.7423273336025974 0.3051201248015157 0.00394910243271724 0.00554259990556794
1 0.7613453795285775 0.4021156231489549 0.0024941699575055055 0.003879819933897508
0 0.013717934766280677 0.3085842497424956 0.019953359660044623 0.054594609069844285
1 0.5467278096039767 0.7561143248250229 0.0025687263330206635 0.005251618280842223
1 0.8809215907933253 0.9432357488776149 0.0041467339926103365 0.0045237098101203795
1 0.9154857728230767 0.48453958410620884 0.003015806540080064 0.004523709810120167
1 0.9462093019501432 0.42535438075713616 0.003015806540080064 0.004272392598446828
1 0.18040746249076 0.18255694256916147 0.002359551672704576 0.0032175704627789513
