2 0.9757557264168736 0.2133454949395133 0.003671250691623129 0.006322709524462233
2 0.69769060018723 0.9614518677379564 0.0036712506916232713 0.005710834409191676
2 0.38651944274806804 0.9947042352086108 0.0038043252238983884 0.007101407084609974
2 0.48392267947333084 0.885672595483557 0.00432877701577489 0.003980484612206965
2 0.27018822697076195 0.7041651246607467 0.003595050049621413 0.00517687207145471
2 0.39672812087409126 0.6770110700518626 0.0025474667914939884 0.005094933582987977
2 0.01422335625250804 0.3542394099505236 0.0038212001872409695 0.007076296643038802
2 0.193925909502479 0.8996803551959565 0.004033489086532143 0.006510192911595709
2 0.22799827783871096 0.9445440759128226 0.004245777985823302 0.005661037314430928
2 0.7454759308942698 0.5500397298577976 0.004860495185873646 0.003840391257974147
2 0.6873059420541057 0.23353405809036484 0.003871849187007541 0.006291754928887414
2 0.11422601205360351 0.6952560302939708 0.003005616655271126 0.004161623061144581
