2 0.17281102796604952 0.9396973630606243 0.004543447512325471 0.006057930016434057
2 0.3184199464888102 0.9579943217655156 0.0037862062602712497 0.005721378348854103
2 0.4824888844338968 0.8679667506879554 0.00429103376164079 0.005384826681274717
1 0.012437304363207589 0.8860146426618689 0.0048432762710900554 0.007300010611498067
2 0.098510746789645 0.8853829109743355 0.004316833198145496 0.006598086514238588
2 0.320843629740003 0.7957917221192561 0.003387091036541463 0.004621147460707675
2 0.4406490367356766 0.7739591197674673 0.005072858819909527 0.00776585794652803
2 0.8187379115436139 0.7909772516961843 0.0029417360908321655 0.0030171652213665822
2 0.8753362025663155 0.7485586914210228 0.004186316744646206 0.005430897398459677
2 0.8061488325838555 0.684821076119656 0.003394310874037103 0.0046766060931179255
2 0.9045189529087128 0.6459662434534983 0.0036052840772289583 0.004422481801400835
2 0.6605601486298925 0.6519315020717247 0.004758974981942288 0.0055761727061141644
2 0.7052656711875318 0.6869267928480273 0.0036052840772289583 0.00596073634101856
2 0.6091487976886074 0.6782741110626778 0.004326340892674807 0.006729863610827351
2 0.07051935655059874 0.5973234659152964 0.0031726499879615043 0.008268118150445147
2 0.3070259920168194 0.5898244750346602 0.0031726499879615134 0.00596073634101856
2 0.23967928545418218 0.5477147570126257 0.0034610727141397746 0.0067298636108274225
2 0.4146848220663701 0.43550054683831874 0.0025239046587224576 0.004299985714860526
2 0.42211631911705283 0.4452222536719164 0.0033652062116299674 0.004299985714860526
2 0.9739467644159063 0.34278364383464144 0.0033652062116298963 0.004673897516152721
2 0.9849537930664459 0.3312858559449057 0.004627158540991303 0.004486941615506552
2 0.5822507830747266 0.3060468093576809 0.0026641215842071377 0.004486941615506659
2 0.49040869688232547 0.3071685447615576 0.0023836877332379914 0.004113029814214393
2 0.47561581124370206 0.30193377954346656 0.004206507764537477 0.004860853416798819
2 0.3203956747322698 0.3392314817223654 0.003926073913568331 0.0054217211187371816
2 0.06527097881307291 0.29716640407699074 0.0032249892861453944 0.0042999857148605615
2 0.08553232454559499 0.2437904944425265 0.0028043385096916573 0.003365206211630003
2 0.5959920417722157 0.2263101177321153 0.0026641215842069955 0.003552162112276065
2 0.5449530808958278 0.20817539536944274 0.0029445554351762836 0.004673897516152757
2 0.29365772768549925 0.12924525374389992 0.002470124401525986 0.0031366659066997117
2 0.6364120318351941 0.12335541845510539 0.0031391279678509676 0.003939297842009033
2 0.6657721110639179 0.14649879327690848 0.004247055485916036 0.0054165345327624155
2 0.7898569451384694 0.1051944134072912 0.0027799786242724165 0.0040031692189522695
2 0.8612929773720728 0.1179452264324634 0.00656074955328279 0.0028170450059293727
2 0.761589470743871 0.06953904429792168 0.003722883015880427 0.004457329325135726
2 0.7208971623745489 0.05269380702200686 0.0028291980124608073 0.0036375403017350825
2 0.0738398804786078 0.005031845645029169 0.004621149375168132 0.004372700484030066
