2 0.0634033434832087 0.8466138457309542 0.007415595729030251 0.011370580117846316
2 0.26010202019573625 0.6661676829912179 0.0048201372238696645 0.007415595729030286
2 0.20689512083994416 0.693852573712931 0.008898714874836315 0.009393087923438372
2 0.15665445977576417 0.55147313571555 0.006303256369675711 0.010381834020642274
2 0.1471995752212506 0.522799498896633 0.005932476583224204 0.007415595729030286
2 0.2882812839660512 0.5257657371882452 0.007786375515481722 0.009393087923438301
2 0.3464937104389388 0.5210691932265259 0.009269494661287823 0.0108762070692444
2 0.5094514265843786 0.7608401217985044 0.006674036156127201 0.01384244536085646
2 0.5357767914224361 0.8518047627412756 0.00815715530193323 0.007909968777632202
2 0.6750046012349791 0.8305467216513887 0.007786375515481581 0.009887460972040287
2 0.9888696904661848 0.9217585491184608 0.004449357437418086 0.007415595729030286
2 0.9844203330287666 0.695088506334436 0.005190917010321244 0.007909968777632344
2 0.6175337343349948 0.5415856747435097 0.005561696796772822 0.006426849631826243
2 0.41768342943762915 0.4661937848317021 0.007786375515481793 0.011864953166448302
2 0.4228743464479504 0.45309289904374855 0.004078577650966579 0.007415595729030286
2 0.5768698000589398 0.39052750763232125 0.004465677895381575 0.005358813474457804
2 0.6237594179604457 0.33857678811604985 0.008038220211686707 0.006847372772918306
2 0.876277645021235 0.18845160718509926 0.004242394000612535 0.007145084632610405
2 0.5447010612891585 0.1265275403691425 0.007368368527379516 0.010122203229531408
2 0.7266774355259547 0.23534122508660502 0.004688961790150472 0.007442796492302541
2 0.5563118238171504 0.23727635217460372 0.006028665158764994 0.007740508351994606
2 0.49446218496611666 0.20512347132785688 0.004242394000612464 0.008335932071378806
2 0.4424370374849221 0.14409254009097638 0.006475232948303287 0.00893135579076299
2 0.448019134854149 0.16284838725157869 0.005582097369226844 0.007145084632610424
2 0.4172059573760167 0.15138648065343283 0.005582097369226844 0.006251949053534123
2 0.3865044218452688 0.06505004134272385 0.0071450846326104765 0.007442796492302506
2 0.5093105639682601 0.061924066815956795 0.004912245684919654 0.007145084632610388
2 0.22652151124322656 0.0145878811249129 0.00692180073784133 0.007740508351994602
2 0.10159417211992913 0.3121508848871668 0.008038220211686688 0.012801609966760346
2 0.10103596238300643 0.18219965813156516 0.008261504106455798 0.008335932071378806
