2 0.7823411112278638 0.8449446698564241 0.017127256821413965 0.03044845657140243
2 0.9332750619665745 0.6827114871869193 0.013559078316952905 0.016175742553557627
2 0.8611978561764573 0.9258233826242126 0.013559078316952765 0.019030285357126787
2 0.6788639345984874 0.54759646115132 0.014272714017845089 0.01617574255355777
2 0.9653886685067258 0.5271389043924087 0.012131806915168256 0.017127256821414038
2 0.046743138408442395 0.5946964174102085 0.01784089252230625 0.017127256821413965
2 0.07849992709814753 0.624669116847683 0.014272714017845018 0.016175742553557554
2 0.08563628410707004 0.8996567402581636 0.014272714017845 0.019981799624982984
2 0.03139997083925901 0.8625476838117663 0.017127256821414007 0.019981799624983268
2 0.055939937376768285 0.6144864891994268 0.008777779332359579 0.009102882270595032
2 0.30221983854118173 0.47466190930897056 0.012479961139514337 0.015661127704488534
2 0.8228799099401669 0.21437918671135614 0.00721166763152695 0.007452056552577951
2 0.8677725409464229 0.2165426870008142 0.008654001157832453 0.007452056552577915
1 0.5120411461614413 0.18974485693254267 0.010492730639039393 0.012810402065333263
2 0.33438581153367614 0.12944258759489546 0.007016099081604352 0.009120928806085686
2 0.6828064115655335 0.13505398339132843 0.011937807460483469 0.011576055719256732
2 0.06403005819713875 0.27010796678265686 0.01085255223680318 0.014470069649070893
2 0.036536925863904036 0.3470405037502172 0.00940554527189609 0.011093720064287637
