1 0.186252087772328 0.9348843350811503 0.005696728158399047 0.003997703970806583
1 0.07495694945261894 0.922070420866483 0.007195867147451427 0.00679609675037085
0 0.27550094061967845 0.8225046042483973 0.006108814277461434 0.010824390210940464
0 0.26939212634221693 0.8161814456103232 0.005948056007001981 0.010395701489715208
1 0.9134142055223338 0.9238180952476931 0.013835727096270886 0.014348161433169936
1 0.46119090320903244 0.6145795813874438 0.009223818064180591 0.014348161433169864
1 0.5311050136682752 0.5253379516481665 0.0055563821742350685 0.008374836900296358
1 0.5389690709008093 0.4565896656219316 0.004348473005923168 0.005475854896347769
1 0.6966012173655238 0.4403231554886635 0.007972200510859152 0.009663273346495842
1 0.07137930120625371 0.6957608295917365 0.009547099759750629 0.011579443772088922
0 0.16057215277926568 0.6915146036766933 0.009552626599027622 0.012349810047770289
1 0.08817760070672233 0.5836035243232263 0.01071093943218827 0.010412840680013392
1 0.08310894577927982 0.6169946357969295 0.008687346248705215 0.012355336887047343
0 0.15622432014132412 0.4096576057227351 0.004531791332990167 0.0063690040355538005
1 0.15732664776286223 0.4159449558603972 0.003551944558289577 0.00489923387350288
1 0.22830429850523573 0.4647739867996428 0.003919387098802325 0.003592771507235497
1 0.20135851220096967 0.44583028248876494 0.00342946371145203 0.003592771507235426
1 0.6595613184551664 0.39727400609062097 0.003843037543802836 0.005444303187054089
1 0.8484706327177258 0.406721473385803 0.0036028476973153545 0.00448354380110338
1 0.9092386638791087 0.15356137518778937 0.005043986776241382 0.005444303187054018
1 0.7394244424123195 0.13082340305362247 0.003122468004339822 0.004163290672453108
1 0.6676076783125034 0.0589265756716439 0.004083227390290318 0.004483543801103336
1 0.34263081601467404 0.31192654730533237 0.004563607083265922 0.007045568830305271
1 0.10063954567833747 0.16236833622567093 0.002882278157852145 0.00448354380110338
1 0.7649742352118061 0.3306613553313713 0.004563607083265992 0.0041632906724530724
1 0.8016031868011771 0.33562527882544996 0.004803796929753617 0.00640506257300487
