1 0.3174644109363438 0.841077511217685 0.011545835854105669 0.013061955713735784
1 0.46073773767138204 0.8084226219333458 0.011895709667866398 0.015860946223822055
1 0.44079493028701777 0.7815989628783526 0.01189570966786647 0.013528454132083282
1 0.47368306878053074 0.6129597846456583 0.011195962040344867 0.012128958877040219
1 0.24136685644337474 0.7512765656857521 0.011895709667866398 0.013528454132083425
1 0.4713970901311994 0.5208371294743063 0.01265783011050523 0.0207347312286371
1 0.5533113335606117 0.5251769569407652 0.016636005288092476 0.01977032512497942
1 0.624014356035005 0.5374731347623988 0.013381134688248366 0.017359309865835754
1 0.731786738118735 0.5051655302898712 0.015551048421477844 0.014466091554863069
1 0.9600374220796907 0.5909398400161571 0.007594698066303068 0.013019482399376798
1 0.9688979031570443 0.6143266880298524 0.012296177821633591 0.01928812207315083
1 0.9918628235003895 0.625417358221914 0.01121122095501903 0.012537279347548136
1 0.9500605628656331 0.3457395881612277 0.007233045777431641 0.011572873243890527
1 0.9764611799532582 0.2697926074981965 0.007956350355174778 0.013019482399376763
1 0.7959966878063411 0.3269336691399057 0.010849568666147462 0.014466091554863105
1 0.6227652414368557 0.07667028524077434 0.008679654932917913 0.010608467140232945
1 0.5428400855962373 0.0865554478032641 0.007956350355174707 0.013019482399376763
1 0.42042078581320835 0.40625607116573825 0.007594698066303138 0.007233045777431499
1 0.278833914719986 0.5632131645360028 0.009402959510661084 0.014466091554862998
1 0.08354167872933431 0.08920756458832234 0.009402959510661004 0.01350168545120555
1 0.271058390509247 0.0834211279663771 0.009041307221789481 0.016394903762178163
1 0.17178483721399915 0.011813974769804851 0.011572873243890456 0.013983888503034314
1 0.31753070962924473 0.02869108158381178 0.007956350355174707 0.00723304577743154
1 0.4318128329126631 0.12055076295719236 0.00723304577743157 0.015430497658520625
