0 0.7491332806610977 0.9323816404992591 0.023088397377489685 0.026769156379698133
1 0.899507867888353 0.7948529472156909 0.013953332982530781 0.017054073645315384
1 0.8394310175469011 0.6532524569485273 0.008527036822657692 0.01188617254067438
1 0.839237221255477 0.6811591229135888 0.01046499973689805 0.013953332982530781
1 0.6995100951387456 0.8191420824075037 0.008527036822657692 0.012919752761602581
1 0.695634169310265 0.9026036852474562 0.013178147816834525 0.015503703313923011
1 0.6084258381694478 0.8023464038174204 0.010852592319746108 0.013436542872066753
1 0.1468975888994208 0.8185955349751365 0.012402962651138428 0.011369382430210209
1 0.024243981924881607 0.6826142428495032 0.012379905663769331 0.01306767820064536
1 0.053646257876333765 0.5271776495155106 0.013411564469083448 0.018569858495653905
1 0.6748853086022968 0.41926417527408494 0.006119161983998072 0.007798641590842741
1 0.5871281640318178 0.3997198927641689 0.00520495759429308 0.00672794708313039
1 0.5181194714404299 0.39195794383530647 0.008025653242263592 0.006925389257516499
1 0.4595349546576918 0.386988557742599 0.0052191142071331695 0.0046478242341413635
1 0.548578773672929 0.5472091794700229 0.00799677283693077 0.01018064726366737
1 0.4870323463069544 0.5234916555047141 0.0073913268391744965 0.007864040618674129
1 0.4275137791386848 0.5045158051187504 0.005905106312094198 0.00730789987048809
1 0.20615389156691377 0.4530912635685812 0.008503138955161972 0.011837247646899772
1 0.1723128229107102 0.4344677694681364 0.008936024196766265 0.011789766669017362
1 0.13301851149842428 0.4219758902169755 0.00949821936678588 0.009308632142573492
1 0.23320088450619378 0.3509749660522691 0.011488380190034017 0.01030809022260918
1 0.3236329847929629 0.1823633876935909 0.008994112658357416 0.010751582947921463
1 0.4796566631749453 0.17248154961843773 0.007434777220178291 0.008094130551631374
1 0.6934185441584196 0.11024366822262249 0.006274398146486675 0.008365864195315709
1 0.6264624865919768 0.19462467508755832 0.007309867233758993 0.010996039599500733
0 0.18946432982190445 0.07455213544301406 0.012470051432014984 0.017699427838988945
