1 0.2934954336964131 0.6390654730638013 0.01476971676208283 0.01615832261150949
1 0.36601853010510205 0.5991746141166374 0.01060389921380306 0.015148427448290036
1 0.4512284345017339 0.7294510901719323 0.00908905646897395 0.01211874195863217
1 0.588511058251863 0.662545535608651 0.014769716762082795 0.016663270193119074
1 0.6084397687497279 0.4597144048939005 0.008220305450158066 0.012056447993564916
1 0.6214895036518535 0.4346424732709188 0.005959721451364502 0.00849431563182982
1 0.20230252601910464 0.4790489039442456 0.013367290196266417 0.017388344970753023
1 0.26001009589079127 0.400801351575857 0.010759038450653407 0.012171841479527146
1 0.9133771581668358 0.27908293678058593 0.012063164323459859 0.014780093225140085
1 0.9943959780149383 0.09020203953578129 0.007824755236838711 0.014345384600871237
