1 0.35650017428213643 0.9013418334527565 0.0052779217701675665 0.006861298301217999
2 0.4832828127666771 0.8858232027700432 0.002769529012989551 0.003124596835167779
2 0.6352873474411423 0.8871014469298845 0.002982569706296516 0.005112976639365314
1 0.7215688282304322 0.8615365637330581 0.006817302185820324 0.011362170309700588
2 0.7098515900985534 0.7604132479767215 0.002130406933069082 0.00397675960839507
2 0.8746755212497956 0.9259532031816542 0.003078864942875299 0.004105153257167018
1 0.8548981658050294 0.5999388260116927 0.009383207444953143 0.0117290093061915
2 0.9949865207058535 0.500828697374375 0.003958540640839487 0.0046916037224765715
2 0.37702273952042503 0.5442508699811408 0.0029252734191378238 0.004800448687816043
2 0.12499918341008423 0.5796541790537838 0.0033753154836206533 0.004200392601838985
2 0.11813604192672227 0.6894644427875752 0.0031502944513792566 0.0060005608597700185
2 0.1770915523739627 0.7179671068714828 0.0031502944513792388 0.004200392601838985
2 0.20578173398473812 0.727117962182632 0.00427539961258617 0.006900644988735536
2 0.3226801602341328 0.6951649756043566 0.004950462709310273 0.0060005608597700185
2 0.26237452359344415 0.1432633905270092 0.0022502103224137215 0.004500420644827532
2 0.4060504526795625 0.2956776363651677 0.0033753154836206533 0.004500420644827585
2 0.4410412231930965 0.3834358389393042 0.0022502103224137926 0.004800448687816043
2 0.5714409113769736 0.4263398490866599 0.0033753154836207245 0.004800448687816043
2 0.8941210716111065 0.13726282966723918 0.0038253575481033406 0.005100476730804502
1 0.6471604887261967 0.1584148066979285 0.013051219869999641 0.018001682579310056
2 0.551864081571974 0.18826759697528433 0.0033753154836206533 0.004500420644827514
2 0.7335685651068848 0.008700813246666527 0.0036003365158620683 0.005400504773793015
2 0.3562082940380978 0.06090569272666569 0.004950462709310273 0.006600616945747007
