2 0.085959604133797 0.6691523179852359 0.008162380226949165 0.013930462253993454
2 0.1130587064872683 0.6647990485308631 0.008815370645105123 0.009577192799620349
2 0.19043807103874663 0.6893950209480698 0.008162380226949217 0.01175382752680676
2 0.3997215000577238 0.6532628844767748 0.008815370645105104 0.011753827526806902
2 0.5302026378482598 0.7287960479870125 0.007931680187706647 0.011495188677835557
2 0.7616187094283541 0.5261337969337616 0.008452544088281826 0.011863219773027255
2 0.11757868985229257 0.7946541269775537 0.006575508551464608 0.009463165746023065
2 0.8714893218979125 0.6525635566149048 0.008679044989673913 0.012075193029111659
2 0.914248968745971 0.7467894915639727 0.006760109809583241 0.01162264493577453
2 0.6787025715702312 0.8170790649431138 0.00789060204713934 0.00998127438441557
2 0.2876457150071781 0.09343712753024576 0.003773497821597296 0.010062660857592984
2 0.8793954554362858 0.19141017482841435 0.005566825717872348 0.007567972217761394
2 0.49868926011599257 0.27102947637515923 0.005906942375689752 0.007637258829174698
2 0.5937782185367331 0.11754347641258679 0.006629967409938047 0.007436788840777098
