1 0.9017323530718477 0.04379334542161045 0.006295293404356528 0.010948336355402604
1 0.976865311310798 0.2560085984438311 0.00766383544878181 0.009123613629502146
1 0.9694751842709013 0.5793494654733884 0.006569001813241613 0.012043169990942815
1 0.7026094856079627 0.0636828231339252 0.00766383544878181 0.0069339463584216525
1 0.5548069448100275 0.9279234523269327 0.004379334542160862 0.0069339463584216785
1 0.5230567693793597 0.1622178503325487 0.0049267513599312454 0.005474168177701291
1 0.5689029278676082 0.09616288765495294 0.006295293404356528 0.008393724539142031
1 0.3986562975410976 0.18812891304033488 0.005200459768816188 0.0069339463584216785
1 0.38893964902567774 0.3625724056364165 0.004926751359931174 0.008393724539141943
1 0.3808652509635684 0.2678692961621839 0.00465304295104616 0.00583911272288141
1 0.3612950997282862 0.22717797937460418 0.004926751359931103 0.007663835448781846
1 0.3933189835678388 0.017699810441234223 0.006021584995471443 0.005474168177701308
1 0.3805641966303547 0.4330029653722105 0.005855391541919985 0.00847163031596928
1 0.35605763886823694 0.5318024403250108 0.004734146353041666 0.006810526332445832
1 0.2887015673404287 0.5546053300090314 0.005339262804182354 0.006102014633351232
1 0.09860560776965922 0.11602453267839145 0.005265545171777415 0.006218358107622866
1 0.13377011820115403 0.7677296331789395 0.005195873235214314 0.008187436613064989
1 0.20600002312620666 0.8041370806033084 0.005813564458981056 0.010415969655674501
1 0.3915072315345051 0.9421088833080902 0.0054502166802947016 0.007266955573726364
1 0.09802557929554613 0.8539276843054665 0.005989249099224967 0.007371383506738596
1 0.1768129817032122 0.19306118545000167 0.006562048923198667 0.007417968347963608
1 0.4835041550238994 0.5638272131788651 0.009194716269352483 0.007572119280643222
1 0.4622751777549533 0.5571565366697271 0.007842552112094765 0.011538467475265933
1 0.45798270642817135 0.7543710214875425 0.004756599129258774 0.006143940541959409
