1 0.16834679288959856 0.5576404581960511 0.023265214755230534 0.026276007252966308
1 0.6942066374551911 0.31122470812957825 0.004981493041708092 0.01043741399215051
1 0.6200179732268941 0.243144303226233 0.006048955836359937 0.006167562813543483
1 0.7328132085284296 0.5180752763376516 0.006760597699461215 0.01138626980961881
1 0.6171714057744896 0.7797222680045149 0.006760597699461001 0.007116418631011783
1 0.4423591945795522 0.4245273280666319 0.006445252956477105 0.009166581982545451
1 0.5856662794968538 0.9121987894423355 0.005339262804182283 0.007458017885207085
1 0.39944456375990783 0.01657955914145659 0.007982750697738438 0.01023429576633123
1 0.28200601984125695 0.3637268715354118 0.005219490840828911 0.007778064782411676
1 0.2798568177303274 0.8314341880567488 0.003991375348869255 0.009006180274371474
1 0.26757566281073 0.8398263105851406 0.0052194908408288755 0.00695932112110512
1 0.1998757963164489 0.8639792485936824 0.004912461967838979 0.006959321121105262
