1 0.9687909132486885 0.5193160877912639 0.00520045976881633 0.006569001813241613
1 0.832133203688112 0.994281553504502 0.0032035576825094835 0.00450871081242056
1 0.1503892356511348 0.9637962612971738 0.005339262804182319 0.005457913088719692
1 0.6674968382361905 0.6246937480893291 0.0033815331093154555 0.006407115365018825
1 0.7114567686572915 0.6350163228440815 0.004805336523764225 0.003796809105196317
1 0.6459618115926553 0.6255243000810907 0.005161287377376311 0.0080682193485422
1 0.3789096836701372 0.6359655251203806 0.0039154593897336555 0.006169814795944006
1 0.1757507339710007 0.5190949948510568 0.004449385670151891 0.00925472219391601
0 0.6624499636331898 0.4459555694540836 0.00635626524307412 0.00847502032409885
0 0.32442377800650546 0.44646407067352956 0.005085012194459324 0.006780016259279122
0 0.1854758197929042 0.4561255938430023 0.004830761584736365 0.006441015446315106
0 0.15954225760116159 0.42019150766882296 0.005847764023628201 0.005763013820387215
0 0.0733513009050759 0.44697257189297546 0.004830761584736356 0.00779701869817103
0 0.030891449081340453 0.41866600401048515 0.004322260365290438 0.008136019511134976
1 0.28793881551125977 0.7588533198198145 0.004830761584736365 0.007119017072243139
1 0.2607874079433589 0.534235192401641 0.0051151010240123185 0.006218358107622776
0 0.22293034826926472 0.41199643470201736 0.005062763397485206 0.009321913557274328
1 0.4705935919201832 0.32906517262402557 0.003605521386372956 0.00501637758104053
1 0.8608369483288689 0.3747017793310606 0.006095556020917883 0.009010821943965368
1 0.04105113759175676 0.10889527153275608 0.007754787611036513 0.008698491923490703
1 0.06620583980850897 0.2636510557403039 0.004396138101494627 0.0058615174686594785
