0 0.6102013158697664 0.9720396333077411 0.004842533387966483 0.006175984610739959
1 0.2960261714556937 0.8191601406426878 0.003789808738408631 0.006175984610739959
1 0.16348813807634863 0.9167645710416187 0.004421443528143385 0.006456711183955406
1 0.9574028324920596 0.5378842730688166 0.005902039643091257 0.005554860840556373
1 0.9513277820790386 0.3665436646317144 0.004281871897928795 0.008177989570819121
1 0.9348946520923925 0.20298387321533162 0.004281871897928937 0.006634972670664574
1 0.9901226969202105 0.27381515937412354 0.004751470952051875 0.0072669555737262925
1 0.6494841544017893 0.04294957076266451 0.004891220097700426 0.00913027751570742
1 0.446358771201574 0.10443919484804103 0.003633477786863182 0.0065216267969338835
1 0.09055744638028176 0.058694641172404846 0.00531046753464615 0.007453287767924417
1 0.05981263433759352 0.16881696794348822 0.006707958991131991 0.009316609709905492
0 0.10145787974087124 0.44086197147272976 0.00391297607816032 0.008571280933113172
1 0.17852953356606477 0.4158934574501829 0.0057297149715919106 0.005589965825943252
1 0.048003831530288255 0.5196804896185306 0.0034937286412145686 0.005589965825943324
1 0.3474163760823773 0.46750747524305963 0.003633477786863182 0.006707958991131946
1 0.6173418509026153 0.4807370610311254 0.003214230349917457 0.004844637049150791
1 0.357675559618159 0.7103399670485908 0.0053769297196777895 0.007315550639017515
