0 0.7757848952694235 0.5189013317176078 0.005270810716949228 0.00626108424558815
1 0.7981513371380206 0.45478262908395256 0.004693857410270112 0.005736936834774724
1 0.7621650969926159 0.318269609401929 0.00664963133121617 0.00756232582765751
1 0.7642186596096093 0.1777146569499505 0.004107125233986295 0.004433087554144031
1 0.7020250489235298 0.2086158849008957 0.004889434802364718 0.007823095683783593
1 0.7275478985918737 0.1676750174890949 0.005476166978648678 0.0073015559715313575
1 0.7480835247618054 0.18527698277760798 0.005085012194459324 0.006519246403153076
1 0.6849120271152532 0.10130908910499749 0.006258476547026959 0.005997706690900753
1 0.7985424919222095 0.07210286521887205 0.005867321762837889 0.007562325827657466
1 0.7670545317949808 0.05528320949873736 0.005476166978648536 0.007301555971531348
1 0.8393203781739317 0.08696674701806088 0.0048894348023645765 0.00808386553990969
1 0.6065832815813699 0.039376248275044066 0.004498280018175649 0.0062584765470268785
1 0.6517616591552201 0.04811203845526906 0.005671744370742999 0.006519246403152978
1 0.5816471640893097 0.10326486302594336 0.005476166978648536 0.006780016259279122
1 0.6142107998730588 0.06949516665761088 0.005671744370743141 0.006519246403152987
1 0.6016938467790052 0.12634299529310494 0.004498280018175364 0.0054761669786485
1 0.6126461807363022 0.16141654094206803 0.0029336608814188024 0.006258476547026888
1 0.6689724696595439 0.41931792865080025 0.004107125233986295 0.005736936834774653
1 0.8405916312225465 0.39037247462080105 0.005867321762837605 0.007823095683783593
1 0.8376579703411278 0.220220143498508 0.004302702626081043 0.0054761669786485
1 0.8359955625083237 0.17888812130251805 0.004498280018175649 0.006258476547026817
1 0.4641051514404614 0.0726244049311243 0.005085012194459324 0.007562325827657466
1 0.4578466748934345 0.09713677140697957 0.005085012194459324 0.00808386553990969
1 0.4166776338575234 0.09009598529157432 0.00528058958655393 0.00599770669090077
1 0.4017159633622873 0.06766977766472804 0.006649631331216028 0.007040786115405231
1 0.327005399582154 0.08344635396035828 0.005867321762837747 0.006780016259279122
1 0.2977665794640128 0.022817362411035463 0.006454053939121458 0.007562325827657466
1 0.2735149828442837 0.01356003251855822 0.00567174437074307 0.005215397122522392
1 0.19645749035901536 0.1190414393215736 0.004498280018175578 0.0054761669786485
1 0.07911105510226153 0.04667780424657541 0.005671744370743114 0.008866175108288061
1 0.20703812729479393 0.5603031180398741 0.0038347165565971154 0.006208588710681084
1 0.3504671327199128 0.8589441150357799 0.004017925504814101 0.0048845368882055595
1 0.17107418940556585 0.8445503099011714 0.0037779734515306276 0.00636290265520941
1 0.08624509030836544 0.909436594865411 0.005735494191540021 0.006231154183401628
