0 0.8387786092400907 0.9931977791874718 0.0048587291518059315 0.006694249053599321
0 0.8568368859209693 0.9806730551517054 0.004372856236625324 0.006694249053599179
0 0.7995038819296596 0.9781897046963379 0.0037250256830510865 0.004750757392876892
0 0.788004889603719 0.9236639664371831 0.004696771513412301 0.006262362017883163
0 0.8569988435593626 0.8589888828387001 0.007288093727708684 0.008637740714321608
1 0.22061129828269735 0.7712268494929991 0.005867321762837711 0.008605405252161802
1 0.6432214739209634 0.8809546388052398 0.005786313375579653 0.008155946472245433
1 0.9663721630825814 0.6692139387844566 0.006176912237667409 0.0075091874261838144
1 0.250949537257527 0.6279394944476333 0.005133642085050028 0.006844856113399871
1 0.8391530331331714 0.40974631763646857 0.0065815924167309 0.007200374609756679
0 0.15361088723942498 0.4553285539644111 0.005546955979035193 0.006431253309026346
1 0.030563710536831216 0.2985962505849583 0.005120621660620936 0.007894291726790605
1 0.31565430989769155 0.3714681945325063 0.006183578868036399 0.006441227987537914
1 0.24237420741678356 0.19671934970291602 0.004459311683680091 0.0067951416132268246
1 0.556053212584796 0.006218773489243288 0.004743132322304149 0.008221429358660617
