1 0.22279078940110822 0.1162699197589859 0.006295293404356492 0.010948336355402634
1 0.2395536532279306 0.7658501044809182 0.006356265243074191 0.010170024388918649
1 0.05529950761474527 0.2554371125683407 0.005847764023628228 0.00779701869817103
1 0.2626408798438247 0.42917502921236794 0.00813601951113494 0.007458017885207085
1 0.14899085729765854 0.8466545303774794 0.005085012194459324 0.009153021950026954
1 0.07792781188008932 0.9142327943201193 0.004830761584736365 0.006780016259279051
1 0.39014756061989253 0.03949359471030084 0.011949778656979503 0.013899033331522181
1 0.3748925240365146 0.8347371036800715 0.009407272559749628 0.00915302195002667
1 0.6418556642456297 0.9937808832038363 0.007881768901411946 0.009831023575954702
1 0.9310980847650763 0.995306386862174 0.008136019511134976 0.008814021137062724
1 0.8471630315969253 0.37561290076406295 0.006610515852797079 0.008814021137062795
1 0.6436354185136903 0.10678525608364606 0.011949778656979432 0.01220402926670241
1 0.6911802825318852 0.041019098368638644 0.0068647664625200375 0.010848026014846579
1 0.7543615590480424 0.05508763210664281 0.008644520730580894 0.009831023575954721
1 0.7494036721584445 0.11051426502624956 0.006864766462519895 0.007458017885207031
1 0.5415537987099194 0.08407220161506103 0.009153021950026811 0.010170024388918683
1 0.5725723730961214 0.1605168849384331 0.008136019511134976 0.010509025201882611
1 0.32548811248880966 0.2604742140880501 0.005323408305533164 0.009258101400927287
1 0.30193427440935855 0.3822465886369821 0.00661292957209092 0.009447042245844202
1 0.6415471944076279 0.8211220507956036 0.006142819588948712 0.0072453769510677545
1 0.6390534909954658 0.9702075487626299 0.004726971182134321 0.0057398935783059815
1 0.9845766737631414 0.41452651538359947 0.004571983625554452 0.008534369434368116
1 0.9574876707817315 0.23804794743719945 0.00662937625705382 0.006705575984146499
1 0.5538958162359162 0.6204181779877329 0.00731517380088711 0.006400777075776105
1 0.19202331227328506 0.7107910543195252 0.0073151738008870384 0.007924771617627613
1 0.04846302643087671 0.5783559286326324 0.005486380350665296 0.0082295705259979
