1 0.3083464295899535 0.21026557296714268 0.010555252970837507 0.01441279522122386
1 0.3119708236823495 0.2276457083809715 0.012971515699101453 0.016277980485146948
1 0.2972189038676851 0.21068947870894342 0.010428081248297225 0.015260606704825293
1 0.30146056828156903 0.12225441593532237 0.005722727514309476 0.007799865649132904
1 0.29548349732217916 0.12810431517217202 0.006994444739711554 0.009665050913055974
1 0.5805711501833878 0.8801936861875128 0.005263623247789582 0.010386883208971938
1 0.24369680189679485 0.8089405749629779 0.005747876586586358 0.0076638354487819525
1 0.38100210516801086 0.7269695339987333 0.0065690018132415415 0.008028779993961876
1 0.08856422087495329 0.9786246766394521 0.004301132139622457 0.005213493502572675
1 0.881479429862408 0.8897260564124602 0.003685881620244231 0.004633679751164124
1 0.7455316459688757 0.03944652551174003 0.004192474369457386 0.005217301437547097
1 0.7800496849440758 0.11574955903586633 0.004192474369457386 0.005403633631745208
1 0.565713571478334 0.08632124098565537 0.0044136911670383935 0.005884921556051168
1 0.5202713826851834 0.18820228113702087 0.003851637411442539 0.006086538131662458
1 0.5430245740601873 0.15862550990347343 0.004850210073668464 0.007417968347963644
1 0.3793557164762183 0.19523114498212038 0.005909919837663437 0.0067930113076590005
1 0.3943925322208149 0.06074892969420787 0.0055314520648081355 0.006598925270297338
1 0.09827308421758613 0.4573658230655168 0.006360580195740315 0.006713945762170397
1 0.1095669017888675 0.5399439510041745 0.005920718795092963 0.0083210101985091
