0 0.908736870765246 0.46406261987692743 0.006316347897347612 0.007342079607173346
0 0.6877531114381245 0.45445313333224474 0.005668517343773516 0.006694249053599179
0 0.30297646782332466 0.534614452068547 0.0046273610969580405 0.0055528333163496054
1 0.3079508810025546 0.3356379248993532 0.006015569426045424 0.007403777755132806
0 0.22604658958639803 0.347669063751444 0.006478305535741171 0.008020759234727209
0 0.23946593676757622 0.36062567482292635 0.0055528333163496054 0.006786796275538407
1 0.08709354636060226 0.4096316323449958 0.004296835304318148 0.005729113739090792
1 0.11781973254562278 0.37937580978796276 0.005593513413905296 0.006780016259279122
1 0.21840127375202845 0.15865238046713123 0.005593513413905242 0.006780016259279122
1 0.2777687911223412 0.1522113650208161 0.006864766462520109 0.008136019511134957
1 0.34590795452809625 0.11915878575683042 0.005339262804182283 0.008475020324098885
1 0.17632279784287744 0.020001047964873384 0.005339262804182283 0.00745801788520702
0 0.16561493562569865 0.9797121051933881 0.0041071252339864375 0.005476166978648678
1 0.26125228035995307 0.9074788550464529 0.004498280018175542 0.007562325827657332
1 0.3689567501864437 0.9896216039986245 0.006062899154932211 0.007301555971531429
1 0.5095768951024539 0.9924900724160121 0.005671744370743141 0.00469385741026997
1 0.7672501091870759 0.9409880258311034 0.005476166978648536 0.008083865539909568
1 0.5229739464609332 0.6319757463216513 0.0070407861154052395 0.0070407861154052395
1 0.9499193934034227 0.2975384058399026 0.007040786115405098 0.008344635396035862
1 0.903958706261194 0.06845208723310643 0.004693857410270112 0.004954627266396283
1 0.11607518220813905 0.29506109220670446 0.006062899154932264 0.00651924640315297
0 0.1672527863522105 0.918304468673486 0.0053749671403301134 0.007828157271044774
