0 0.9858509535689168 0.4583460491679162 0.005873189084600483 0.00783091877946724
0 0.9345940306487667 0.4608377051432012 0.008364845059885795 0.009492022762990757
0 0.48302530835169205 0.46297341026487415 0.006051164511406668 0.00901742162484119
0 0.3881644058640532 0.44992187896576186 0.008542820486691766 0.009492022762990757
0 0.22460498862926875 0.4532440869328086 0.006051164511406597 0.006169814795943935
1 0.2486316712480891 0.49216138026107076 0.004271410243345883 0.00569521365779444
0 0.09753053388973001 0.4833812592053043 0.00818686963307952 0.0075936182103925635
1 0.09219127108554771 0.6210155892686701 0.004627361096958005 0.0066444159340935
1 0.04600664782937083 0.671560610481596 0.005873189084600537 0.006169814795944148
0 0.16062282269248418 0.7827359270931251 0.0065850907918248505 0.008780121055766301
0 0.08166968021532323 0.9926927128228398 0.007307287177160511 0.008310248162260905
1 0.38316934118136986 0.26162561144551044 0.0031372257186416874 0.006084316545244448
1 0.40341870718351147 0.2355771312361827 0.0037076303947583254 0.0057040467611666305
1 0.45716584720511394 0.39354547476451585 0.005569039737233723 0.006525339490092037
1 0.9325759446753125 0.0742005850528909 0.005329901179855625 0.0062704719763006355
1 0.8344856965586414 0.26199053143471046 0.0032618359978154386 0.006251852329146423
1 0.7135473201876724 0.4062621364615569 0.003652176268934113 0.005590985893182889
1 0.711991763628682 0.3854312051498593 0.0037874420566721767 0.0057713402768339965
1 0.6972115293684237 0.9329390400751426 0.004985501375866192 0.008670437175419465
