1 0.5110656173867235 0.2815123903123614 0.01077773813202093 0.01916042334581512
1 0.5517175472344107 0.5064966671355076 0.009238061256017858 0.012545515285950515
1 0.4593722673390546 0.4402295551927791 0.009161585015870414 0.013293280219106123
1 0.4531747245342012 0.4055592432699755 0.0075448347189520605 0.01293400237534641
1 0.4530399953427914 0.34735623258091664 0.008353209867411237 0.011496891000307912
1 0.45977645491328434 0.4916062868504052 0.012125627226887233 0.010419057469029056
1 0.6004739816411725 0.6296708172157481 0.013686016675582238 0.018019921956183394
1 0.46498241655290795 0.6504279425070478 0.006158707504012071 0.009352111394981221
1 0.44958564779287796 0.611764945398528 0.007185158754680643 0.016423220010698784
1 0.4690882215555827 0.7022067055963341 0.007185158754680714 0.007983509727422984
1 0.21625768747783464 0.8743975897978487 0.010794892885748837 0.017271828617198254
0 0.9654976484406805 0.3072860366748466 0.007816036731249056 0.00897396809884146
1 0.9796099369832134 0.9209711841618151 0.00651336394270757 0.008684485256943333
1 0.723616256697777 0.1495178878403752 0.0091187095197904 0.011289830834026411
1 0.7019050435554185 0.11854322375727713 0.009552933782637751 0.01302672788541507
1 0.6944146750213048 0.15212323341745823 0.005862027548436828 0.008395002415045294
