1 0.34813127528267074 0.02753580708450504 0.011014322833802055 0.016259238468945832
1 0.21576271694072865 0.21451704947738207 0.006687267434808355 0.012587797524345135
1 0.3813709281203947 0.21635276994968236 0.006687267434808391 0.00891635657974451
1 0.44470328441475615 0.24834675532405967 0.010620954161166126 0.0131122890878596
1 0.25706642756748627 0.42588714957367785 0.008260742125351613 0.014685763778402645
1 0.7685064772984762 0.05781620483989844 0.007958876299163222 0.01024590971846302
1 0.800753648510603 0.05818213018698639 0.0049399921856876005 0.00731850694175928
1 0.8579752246614837 0.03970290015904418 0.004665548175371583 0.004757029512143535
1 0.8991418262088797 0.039336974811956214 0.007409988278531188 0.007684432288847258
1 0.8475463522694767 0.2707847568450939 0.005214436196003334 0.008050357635935193
1 0.7682320332881603 0.15734789924782486 0.0035677721341076563 0.006586656247583384
1 0.7580776049064692 0.1652152942102161 0.005214436196003334 0.006220730900495361
1 0.7075799070083301 0.20601597041052414 0.005214436196003476 0.008782208330111133
1 0.6886432702965279 0.04811918314206737 0.004665548175371442 0.007684432288847258
1 0.4696119914494924 0.48437205000390793 0.007493488510324085 0.01044546883257297
1 0.481363143886137 0.4496295123651326 0.006471649168007119 0.009991318013765493
1 0.4638215685096965 0.41579527636397245 0.006131036053901511 0.006812262282112869
1 0.4101750030380583 0.4555334730096304 0.006471649168007119 0.009991318013765493
1 0.3784979834262338 0.4130703714511273 0.00647164916800719 0.011353770470187995
1 0.4937955225509928 0.5672545744362801 0.008855940966746658 0.008174714738535229
1 0.6281673960656675 0.6503641742780562 0.008515327852641051 0.009991318013765493
1 0.6148834846155476 0.6851067119168315 0.01055900653727484 0.008628865557342777
1 0.8145836496766475 0.39724528616285243 0.006339020523875405 0.009297230101683809
1 0.7231432786197461 0.5884724052997575 0.006655971550069211 0.008874628733425639
1 0.8786077569677877 0.6096024737126753 0.006339020523875121 0.007184223260392031
1 0.8934849428402242 0.4627484982428973 0.005705118471487651 0.008452027365167042
1 0.924863094433407 0.632000346230368 0.0069729225762628745 0.009719831469942264
1 0.6476894220269593 0.8382298139404446 0.004754265392906376 0.0063390205238752625
1 0.48651982520742965 0.752653036868128 0.006339020523875334 0.010142432838200648
1 0.4178999280364796 0.778009118963629 0.0066559715500690685 0.010142432838200363
1 0.3893743356790407 0.7892080552224755 0.0072898736024566094 0.008874628733425425
1 0.14738222718010083 0.8175223468957853 0.006339020523875316 0.007184223260392173
1 0.07289873602456601 0.7040538795184174 0.00697292257626283 0.009297230101683738
1 0.028842543383632638 0.6740491823720742 0.005705118471487775 0.009297230101683596
