1 0.2047862311730237 0.16156856620612345 0.008091271598557874 0.010788362131410469
1 0.1357436773677471 0.39506519202307927 0.008044697036766024 0.013548963430342766
1 0.1672873578540139 0.43514754217117696 0.01100853278715352 0.010161722572757128
1 0.05694798691815965 0.5837345077906031 0.0046574561791803415 0.01016172257275727
1 0.03808528939247926 0.5984972325282473 0.005631287925736239 0.01146016490149826
1 0.20211585467973475 0.9785943483366912 0.009632466188759353 0.00873343601114172
1 0.28225797337021247 0.9120661151929934 0.008091271598557874 0.010274630601343092
1 0.344676354273373 0.8542713180604372 0.007320674303457153 0.010788362131410593
0 0.49609872276066996 0.7181324625926385 0.01040306348386018 0.012843288251679184
0 0.5327020942779555 0.7222423148331759 0.00809127159855784 0.009760899071276157
1 0.4369553803616876 0.7111970869367318 0.006164778360805982 0.009247167541208938
1 0.41075507232826214 0.6736946852418287 0.005394181065705226 0.008219704481074501
1 0.42192873310722306 0.626174518710616 0.007705972951007496 0.011815825191544888
0 0.16259602926625774 0.729241906930341 0.012329556721612001 0.011815825191544747
0 0.07012435385416803 0.18879633729968318 0.006164778360805974 0.008733436011141791
0 0.6126248496050942 0.18622767964934733 0.010017764836309695 0.010788362131410451
0 0.859751292291664 0.236316503830896 0.0061647783608060535 0.01232955672161193
1 0.8115889613478672 0.26097561727411994 0.008476570246108253 0.011302093661477634
0 0.94316844948632 0.17158633104243315 0.008091271598557626 0.010274630601343268
1 0.6145087031258512 0.06678509890873148 0.008861868893658737 0.010274630601343305
0 0.48292921498739844 0.11276407084974274 0.006935375655906739 0.010788362131410469
1 0.9817409539583525 0.43204821678648586 0.0061647783608060535 0.0113020936614776
1 0.9902175242044606 0.39968313039225445 0.006164778360805911 0.010274630601343376
1 0.97422763033112 0.4019949222775567 0.006550077008356397 0.01078836213141038
1 0.8222273138724977 0.4798252490827322 0.007705972951007425 0.0113020936614776
1 0.8087418612082345 0.6524390431852997 0.005394181065705226 0.01130209366147767
1 0.7771473721091039 0.6555214323657026 0.006164778360805911 0.011302093661477813
1 0.9249094034446722 0.6421644125839565 0.007320674303457082 0.010274630601343305
0 0.805081524056506 0.7163986186786618 0.0065500770083562546 0.010788362131410451
0 0.8927369663742161 0.7079220484325535 0.008476570246108253 0.00924716754120908
0 0.923560858178246 0.7092063772577214 0.005394181065705368 0.010788362131410736
0 0.7293703398128577 0.7485068393078594 0.006935375655906598 0.006164778360805911
0 0.6817859568403865 0.7718816239259155 0.005779479713255569 0.00873343601114172
0 0.734957170202338 0.8402294941491115 0.005779479713255569 0.01130209366147767
1 0.6744652825369292 0.9529935649988542 0.006550077008356397 0.010788362131410451
1 0.6469164292370775 0.8371471049687085 0.006935375655906597 0.01335701978174626
0 0.630926535363737 0.854100245460925 0.006550077008356326 0.012329556721611965
1 0.5725537902598554 0.9422052028674437 0.006935375655906739 0.010788362131410451
1 0.5517476632921351 0.9288481830856975 0.008476570246108182 0.010788362131410593
1 0.060106589017858314 0.7384890744715498 0.006164778360805982 0.007705972951007567
1 0.12002052871194145 0.6020933532387175 0.006550077008356361 0.010274630601343517
1 0.31613754031508173 0.18494335082417945 0.007320674303457117 0.010274630601343305
1 0.3558233010127702 0.14101930500343685 0.008861868893658595 0.006678509890873112
1 0.7368836634400898 0.5355651200950196 0.007320674303457224 0.008733436011141862
