1 0.1031642828500261 0.19044544590951415 0.006155658866189419 0.009423477770462796
1 0.47730783430690854 0.0201931666509917 0.0074910134350453465 0.009988017913393741
1 0.5447269552223163 0.24166660733928777 0.010747975798108413 0.013462111100661147
1 0.3556602900464989 0.08077266660396681 0.007816709671351632 0.016501942639520106
1 0.7212203140449018 0.23817581178092767 0.00930560675160919 0.011930265066165511
0 0.7656009000910374 0.35318356701876297 0.009305606751609049 0.013839107476751948
1 0.7418000212840373 0.38014596606829687 0.0068002510877144574 0.009544212052932367
0 0.785607954606997 0.23216295818758031 0.00787397494366914 0.00811258024499253
0 0.9672514223933757 0.23526482710478333 0.009663514703594132 0.010498633258225637
0 0.6452057780140383 0.8362093217233476 0.009203347336756167 0.011589400349989488
0 0.5784815098225556 0.8396179688851092 0.00766945611396352 0.012952859214694143
1 0.2745665288798943 0.9077227391771054 0.009203347336756238 0.011589400349989206
0 0.1725627625641794 0.769672529125762 0.007669456113963521 0.013634588647046258
0 0.13498242760575807 0.8729545381271376 0.009203347336756238 0.015679776944103167
