0 0.20786862035342665 0.6316329162175794 0.007320674303457117 0.012843288251679042
1 0.26103983371537826 0.6434487414091242 0.00577947971325564 0.008733436011141791
1 0.7169981433742504 0.649099788239863 0.007320674303457082 0.011815825191544747
1 0.7994946936670256 0.8101761996401823 0.010017764836309766 0.014898214371947773
1 0.7917887207160181 0.9136931029487161 0.00847657024610811 0.010274630601343376
1 0.7989167456957 0.9573602830044251 0.006550077008356397 0.009247167541208795
1 0.8518953097338765 0.8944281705711973 0.006935375655906739 0.00873343601114172
1 0.7035553304269826 0.8964830966914661 0.007705972951007425 0.008733436011142005
1 0.47680707634358754 0.8882633922103915 0.00809127159855784 0.011815825191544605
1 0.49337491818825363 0.8533296481658241 0.008091271598557768 0.011815825191544605
1 0.4427081460353795 0.8191665014163578 0.007705972951007567 0.01130209366147767
0 0.4675599088023786 0.7326027386000404 0.009632466188759282 0.014898214371947773
1 0.08861868893658595 0.3349529576037916 0.006935375655906722 0.012329556721611965
1 0.193805219717838 0.3372647494890939 0.008476570246108216 0.010788362131410593
1 0.42787414810469004 0.16054110314598907 0.006550077008356326 0.010788362131410451
1 0.5987540982932809 0.1340839293475301 0.008476570246108253 0.012329556721611965
1 0.7022067851605562 0.24736173172734002 0.00732067430345694 0.012843288251679113
1 0.6862168912872157 0.2717639794055303 0.011558959426511138 0.012329556721612036
1 0.815291938216591 0.3223665351171461 0.006935375655906739 0.00976089907127612
1 0.9668643163106679 0.36654744670292233 0.00847657024610811 0.00667850989087313
1 0.7197378736240984 0.5573987101228741 0.007705972951007567 0.010274630601343305
1 0.96382456684726 0.549435871406833 0.00732067430345694 0.011815825191544817
1 0.46274367570799896 0.5085942147664934 0.0061647783608060535 0.010274630601343376
1 0.052015317419300454 0.54635348222643 0.009247167541208965 0.014898214371947702
1 0.45985393585137113 0.8009290320989733 0.008861868893658595 0.010788362131410451
1 0.11308515305603471 0.9629897531109012 0.00809127159855784 0.012843288251679184
1 0.35428210642256863 0.947064075678819 0.00809127159855791 0.012843288251679326
1 0.8048888747327309 0.538390643510389 0.007705972951007567 0.0113020936614776
