1 0.11198721684360696 0.12045702028572566 0.008894753836312717 0.008471194129821669
1 0.16980311677963975 0.1314695726544938 0.006776955303857299 0.009600686680464517
0 0.31056002765221147 0.1958459404775433 0.00756356618734074 0.00927797452313797
0 0.4949597712995789 0.24727819055146041 0.00665593824485974 0.012101705899745206
0 0.8818570961537376 0.19524085518255604 0.008773736777315265 0.012908486293061542
0 0.9494753778685638 0.18717305124939254 0.007866108834834335 0.010488145113112494
1 0.9372771219352662 0.5835039194660481 0.006655938244859954 0.00927797452313797
1 0.9192758344093954 0.5986310518407296 0.009378822072302596 0.014522047079694218
1 0.9381847498777472 0.736388803999496 0.00726102353984686 0.011698315703087018
0 0.8301770247225213 0.7261023539847125 0.0060508529498726205 0.00968136471979605
1 0.773904092288706 0.6934277480554004 0.009681364719796193 0.009681364719796193
1 0.6840489259830977 0.6530887283895831 0.0060508529498726205 0.011294925506428797
0 0.7304892223733701 0.5718056037629612 0.008773736777315265 0.01169831570308709
0 0.7938719070232858 0.9290076229037738 0.006655938244860096 0.011294925506428797
1 0.48074026686737825 0.666602299977632 0.00907627942480893 0.010084754916454273
0 0.5870840074613893 0.7355820236061796 0.006958480892353549 0.009277974523137828
0 0.5299034470850933 0.7367921941961542 0.007563566187340669 0.007664413736505366
0 0.43717412562829566 0.731749816737927 0.009681364719796122 0.011294925506428797
0 0.3503443857976238 0.7416328765560523 0.009681364719796122 0.011698315703087018
0 0.31388799677464135 0.7335650726228888 0.00635339559736618 0.008471194129821669
0 0.24869005623976403 0.738607450081116 0.008471194129821598 0.009681364719796193
0 0.28166720481656976 0.743246437342685 0.007261023539847073 0.01169831570308716
0 0.038120373584197405 0.799317674678171 0.010286450014783429 0.010891535309770432
