1 0.19063395498273358 0.15689104062486192 0.011173660778960865 0.01284328825167913
1 0.1417010267438361 0.07854698228961922 0.00809127159855782 0.007192241420940339
1 0.30410440668631866 0.03821905717934676 0.006935375655906668 0.008733436011141809
0 0.11963523006439106 0.2668835298698923 0.006550077008356361 0.014898214371947773
0 0.35331885980369276 0.26200308033425423 0.008476570246108253 0.011302093661477634
0 0.4207461231250082 0.2617462145692206 0.007705972951007425 0.007705972951007425
0 0.33809956322545304 0.3395765413743962 0.006550077008356326 0.008219704481074714
0 0.34041135511075526 0.31440369640110505 0.008861868893658595 0.011302093661477634
1 0.19284197309896212 0.44771702845353445 0.00809127159855784 0.011815825191544676
1 0.12462929330379396 0.9247337710978516 0.00820754515491922 0.011855343001549983
0 0.11368589976390168 0.9644035726799612 0.00820754515491922 0.009727460924348605
1 0.48150931575525996 0.7861004359489283 0.005927671500775063 0.007903562001033322
1 0.544091847561519 0.901462042848626 0.00889150725116238 0.012463309309321886
0 0.8402474352348536 0.7845805201794989 0.007523583058676025 0.012159326155435793
1 0.9818275891572098 0.1896854880247994 0.008435532520333595 0.012767292463207696
1 0.7908881706226311 0.15989513894398155 0.007295595693261419 0.009119494616576932
1 0.7718512256105268 0.12782491620901948 0.006611633597018312 0.008207545154919203
0 0.5085471758846417 0.26233456804695565 0.005639108518372424 0.00685047257046719
0 0.668578572485313 0.25309351778043715 0.00876829312866434 0.011203930108849179
1 0.7257589291705063 0.716320835872291 0.008402947581636795 0.012178184900922985
