0 0.287610028450452 0.634458439632949 0.008515100110863223 0.011353466814484322
1 0.36374504120640594 0.5623305328115191 0.007513323627232254 0.008682062858135069
1 0.5177681755646678 0.5923838273204481 0.00901598835267869 0.011353466814484322
1 0.7523341392068601 0.642138726007453 0.009015988352678903 0.015360572749008341
0 0.789399869101206 0.4895347750010018 0.006010658901785746 0.01068561582539708
0 0.5171671096744893 0.5008882418154861 0.008515100110863188 0.012021317803571635
0 0.2762398653612405 0.49454365741915657 0.008515100110863188 0.011353466814484393
0 0.19083842013170013 0.5052292732445537 0.008014211869047792 0.008682062858135069
0 0.03330906808072982 0.5018900182991171 0.007513323627232289 0.008682062858134998
0 0.6686858028236738 0.48819907302282706 0.005008882418154741 0.00667850989087313
0 0.9882291263173361 0.5055631987390973 0.009516876594494192 0.014692721759920957
0 0.9296485768095419 0.9115097439459308 0.007012435385416751 0.014024870770833786
1 0.8026734075093163 0.8266926683318416 0.00751332362723204 0.010017764836309909
1 0.7598474628340922 0.8550763353680526 0.009015988352678903 0.01068561582539715
1 0.7029966473880347 0.9054990850441449 0.005509770659970314 0.010017764836309482
1 0.5442150747325255 0.8260248173427545 0.010518653078125127 0.011353466814484393
1 0.5216751038508286 0.7619111223903724 0.007513323627232325 0.011353466814484393
