0 0.9311271088240707 0.6536591463245659 0.006163049824115632 0.007221351309065085
1 0.8620635394650745 0.5767338290018282 0.005396380911134173 0.0066117820172455315
1 0.5993843609550545 0.5810062488428973 0.004761490334788831 0.006745444640950921
1 0.4243687067303693 0.5317172274717745 0.006419512868256732 0.010374970292132205
1 0.3773086887661894 0.8833705781965366 0.004614433754442189 0.005145792792832537
1 0.1494661739919113 0.7293666044743057 0.004033174988827995 0.006949470749980548
1 0.759639881235295 0.5542516605473802 0.006226058339196356 0.008070816365624935
0 0.685251821830131 0.48114067758882106 0.005691787513551958 0.010402967440499395
0 0.35047288607596655 0.44504121005835645 0.005600480175965288 0.0113018699046507
1 0.617475381496082 0.3744857395962225 0.003712506357478702 0.009366939117330587
1 0.963560357071757 0.2996477533684814 0.004825366602637189 0.008272057033092252
0 0.7609442128818205 0.10932608979523495 0.004564440966249777 0.009636042039860833
0 0.9637954996047384 0.16274073586511575 0.003604172773652294 0.00789485464704759
1 0.07271263562891778 0.1100573348848879 0.004529395904433242 0.008907811945385351
1 0.4044216719462969 0.04002229048640182 0.006968166647186109 0.010005572621600458
1 0.41232786102675795 0.0025013931554001122 0.007236173056693218 0.0050027863108002245
