1 0.647399970730647 0.3205946846298203 0.004565896733625294 0.009622750105274776
1 0.20885959217647976 0.8639995020760525 0.0060087482514782665 0.008512393356261043
1 0.9902925262479895 0.15645495707919047 0.0051091967115844735 0.008628865557342866
1 0.09349829982199803 0.15191344889111524 0.00579042293979585 0.008628865557342885
0 0.3852666861827352 0.797377418015872 0.004648227307347739 0.005164697008164296
0 0.35535632735938305 0.619103014519133 0.00528267081602813 0.007043561088037435
0 0.7295640729141835 0.5142125716615363 0.005157490874503737 0.0075133817677954795
0 0.9503126169304679 0.31015171794924135 0.0053500558505274395 0.007418744112731304
0 0.39993957533212005 0.2947859282199064 0.005505961457063222 0.0076471686903655115
1 0.6415821345700599 0.3219693632162881 0.0038294617765889426 0.004909566380242261
