1 0.9613756378801839 0.9417868416280882 0.00878877700929948 0.009868100501669374
1 0.9299210675311121 0.9587476393653328 0.0060133737432049375 0.010484856783023987
0 0.09114490015872674 0.7598145430649413 0.005474168177701308 0.008028779993962018
0 0.05802618268363384 0.7592671262471713 0.004926751359931165 0.008393724539141943
1 0.03599265576838608 0.7096346681026793 0.004105626133275982 0.0069339463584216785
0 0.1521818753400963 0.9669725186612022 0.004379334542161058 0.0069339463584216785
0 0.2440110465210357 0.991971220006038 0.005747876586586323 0.009488558174682282
0 0.40755182082986224 0.9782857995617847 0.004379334542161004 0.008393724539141943
0 0.05802618268363384 0.9726291591114935 0.004926751359931165 0.008758669084322292
0 0.25249600719647275 0.9530526797377974 0.004653042951046054 0.0083937245391418
0 0.4568193344291739 0.9514104292844867 0.0049267513599312454 0.010948336355402545
0 0.6467729701954095 0.7526981244339297 0.005474168177701415 0.008393724539142227
0 0.578345867974143 0.7592671262471711 0.004379334542161004 0.0062040572680614045
0 0.5779353053608155 0.7738649080543746 0.0030107924977357215 0.005474168177701273
0 0.5799881184274533 0.7842658275920071 0.00656900181324147 0.010948336355402545
0 0.3915398789100859 0.7271520062713234 0.00410562613327599 0.009123613629502217
0 0.36485330904379204 0.6514260131464553 0.0049267513599312454 0.0058391127228811955
0 0.27028705377400203 0.7364580921734156 0.004653042951046124 0.009488558174682282
0 0.22088268597024768 0.7366405644460058 0.003831917724390905 0.005474168177701415
1 0.04516188746603578 0.7412023712607568 0.004926751359931174 0.005109223632521207
1 0.10537773742075014 0.6787968540349619 0.003831917724390923 0.005839112722881339
1 0.06555316392797313 0.6506961240560953 0.002463375679965587 0.004379334542161075
1 0.2356629400500412 0.6459518449687542 0.004926751359931174 0.006569001813241613
1 0.2950576647781004 0.6468642063317043 0.005474168177701273 0.006933946358421536
1 0.31873344214665855 0.6886503567548243 0.004653042951046054 0.009488558174682282
1 0.35116788859953885 0.6729577413120805 0.0065690018132415415 0.012408114536122951
1 0.35636834836835507 0.6954018308406559 0.003831917724390905 0.004744279087340999
1 0.3523995764395216 0.7579898203390408 0.00465304295104616 0.007298890903601744
1 0.20090197212163793 0.6651114335907087 0.005474168177701308 0.008393724539142085
1 0.20500759825491394 0.6881029399370542 0.0038319177243908696 0.005474168177701273
1 0.20391276461937366 0.7534280135242895 0.004926751359931174 0.006204057268061547
0 0.148760520229033 0.7357282030830555 0.004105626133275972 0.007298890903601744
0 0.33105032054648653 0.7205830044580819 0.0046530429510460184 0.006204057268061547
0 0.49513851167308315 0.6783476915178173 0.005053078317878104 0.0070181643303862985
0 0.4940436780375429 0.6865168347983871 0.004421443528143385 0.005333804891093621
0 0.4669886545439037 0.6514260131464557 0.0037898087384085955 0.004772351744662728
1 0.628581888251048 0.6848324753590943 0.005684713107612822 0.009263976916109869
1 0.628160798391225 0.6299504302954735 0.004421443528143314 0.006175984610739888
1 0.5658394991373947 0.6396354970714065 0.004000353668320145 0.005333804891093621
1 0.5327839451412753 0.6330384226008435 0.005263623247789653 0.00617598461074003
1 0.520677611671359 0.6939560889885965 0.0037898087384085955 0.007298890903601744
1 0.5354157567651701 0.7460308683200627 0.0033687188785853552 0.0058952580375245135
1 0.6565843639292893 0.7433639658745159 0.006526892827259161 0.007860344050032638
1 0.6587950856933611 0.7742438889282155 0.0037898087384085955 0.0044916251714472825
1 0.5628918701186323 0.7378897976968147 0.004421443528143314 0.005895258037524371
1 0.5987897806685583 0.7339596256717982 0.005474168177701415 0.008141070623248084
1 0.6130015634375906 0.6477765676946546 0.004000353668320216 0.0070181643303862985
1 0.7014304340004577 0.6630761659348968 0.004842533387966483 0.006737437757170852
1 0.6615321697822116 0.683428842493017 0.004631988458055077 0.0058952580375245135
1 0.6967984455424029 0.6208268166659713 0.004421443528143243 0.005895258037524442
0 0.5853036927023278 0.5169505096083282 0.005357060346862994 0.007973299120912287
0 0.5541668917826047 0.5046820701871627 0.004271410243345883 0.00688171650316832
0 0.4825480995149812 0.5256337989934194 0.004107125233986366 0.007562325827657475
0 0.3726071699718574 0.5417135560668314 0.004083484010766227 0.0057312056291453925
0 0.01074601055464779 0.5524882226496249 0.004298404221859116 0.007274222529300118
1 0.014548445058600083 0.4744776967975254 0.00396775774325457 0.00683336055782739
1 0.14424452629123377 0.5083138531080575 0.004463727461161415 0.0070537915435636474
1 0.17077890619924868 0.5100773009939483 0.003967757743254552 0.007053791543563719
1 0.20417420053830795 0.5272709178813848 0.005290343657672772 0.008376377457981832
1 0.22789808537818423 0.5100773009939484 0.0038024345039523056 0.005731205629145464
1 0.23451101495027524 0.5403865615326986 0.004463727461161433 0.006833360557827319
0 0.19351085160331136 0.44747490104482074 0.003802434503952341 0.005731205629145535
1 0.18731123012947606 0.4825234277769028 0.003967757743254588 0.005731205629145535
1 0.17590392661761917 0.4547491235741208 0.00330646478604546 0.0048494816862000075
1 0.1762236726628631 0.47942286006544604 0.003088456118833669 0.006055796311438612
1 0.13834466673481471 0.41276307658765465 0.0049051950122652776 0.006782491868811178
1 0.09510628107114312 0.3694035749977543 0.004178499454892623 0.005329100754065976
1 0.05522886236031999 0.43880300072684064 0.0025434344508042093 0.005571332606523427
0 0.2732794543158041 0.4813146908331396 0.00447197266075456 0.00782595215632064
1 0.2659687311525064 0.5312515141175802 0.0033785507739217736 0.004914255671158969
1 0.3186434091277416 0.5119016324123918 0.004299973712264098 0.006757101547843547
1 0.35566925420012985 0.5260301174669738 0.0033785507739217736 0.0053237769770888834
0 0.34192469536985715 0.4698233182280932 0.003839262243092989 0.0075761441597033755
1 0.33731758067814566 0.42119266314891596 0.003839262243092989 0.0065523408948786254
1 0.4009725486686266 0.5005374161728366 0.0033785507739218447 0.005528537630053804
1 0.38715120459349195 0.42958784992047927 0.0033785507739217736 0.006142819588948783
1 0.3796262505970298 0.41658554845720447 0.003685691753369298 0.004709495018193977
1 0.4455847759333665 0.4872279737301145 0.003839262243092989 0.006757101547843547
1 0.45909897902905356 0.4677757116984436 0.0041464032225403714 0.007166622853773532
1 0.4707703362480561 0.5367800517476341 0.0035321212636455356 0.005938058935983648
1 0.470309624778885 0.5070897570677154 0.003839262243092918 0.00593805893598379
0 0.437138398998562 0.47873040663206884 0.004453544201987824 0.0065523408948786254
1 0.4579472003561257 0.4053237125441319 0.0039928327328166095 0.006757101547843476
1 0.3475300182447728 0.36959297860174695 0.004607114691711516 0.005323776977088812
1 0.44450978250530043 0.4283592860026894 0.0035321212636454644 0.00491425567115904
0 0.303378502449204 0.40522133221764933 0.0041464032225403714 0.006961862200808539
1 0.45003604838254774 0.5553436040813772 0.0029078435924017754 0.0030290037420851235
1 0.5356528303562507 0.43697182533955514 0.005550806532189228 0.00925134422031526
1 0.22318867931510444 0.28648329268909434 0.012489314697425513 0.015418907033858674
1 0.47921963061232786 0.36943701253125405 0.006475940954220576 0.012335125627086966
1 0.46858058475896536 0.3441500049957258 0.006475940954220647 0.013568638189795621
1 0.5085926485118286 0.24793602510444765 0.00971391143133097 0.014802150752504382
1 0.3781486950053842 0.28216599871961384 0.007863642587267919 0.008017831657606571
1 0.5052191923723202 0.40022738380809797 0.006021584995471514 0.00948855817468221
1 0.4952288354480153 0.3578938165672079 0.006842710222126627 0.008758669084322079
1 0.5978694887799147 0.3890965751801053 0.005747876586586429 0.00766383544878181
1 0.4880220930420714 0.4576404596558292 0.003831917724390905 0.00583911272288141
1 0.5088239321173365 0.4216934219555907 0.007116418631011712 0.009123613629502146
1 0.35609463995946994 0.3133048920371047 0.0049267513599312454 0.007663835448781846
1 0.34336719894631446 0.24560767890619864 0.006842710222126627 0.008758669084322044
1 0.3064165637468306 0.22060897756136263 0.005747876586586323 0.0069339463584216785
1 0.43396468228727103 0.07444868721673775 0.005747876586586287 0.007298890903601754
1 0.3322820083864693 0.10054222219711399 0.006021584995471443 0.006933946358421643
1 0.5463219841345903 0.2943277756877402 0.006021584995471443 0.00474427908734107
1 0.5606916756010564 0.28575157887600816 0.00520045976881633 0.00729889090360178
1 0.6261079853245869 0.2240759507405735 0.005200459768816188 0.008758669084322079
1 0.6510154505331278 0.25327151435498046 0.00410562613327599 0.00729889090360178
1 0.5106022269868974 0.5191757245046562 0.0037250256830511576 0.006046418500025083
1 0.5616188830808594 0.5429295114690406 0.0024293645759028946 0.004750757392876892
1 0.5721461295764388 0.5324562508529257 0.0040489409598382054 0.006694249053599179
1 0.5688259979893714 0.5033038759420903 0.0038869833214446457 0.007126136089315267
0 0.5729809342682067 0.41443084077714104 0.00369641271058768 0.0052936280793602465
1 0.6764044105591387 0.40432366192354846 0.0037159704497973676 0.00495462726639623
1 0.5694216592359977 0.551252113506534 0.005673815313332398 0.006260761725056412
1 0.5395825725527758 0.7114330133170134 0.0048940046175691525 0.00720037460975675
1 0.5402576076724405 0.7368593361577167 0.00489400461756901 0.006750351196646704
1 0.7274708834243611 0.8521514772529051 0.007955771053190973 0.012214921212980272
1 0.7556777080674928 0.7926840976633965 0.006509267225338107 0.008357577672039014
1 0.4239461635465581 0.8335076501383567 0.009402274881043908 0.010286249442509643
1 0.7197183932345519 0.7947325981533342 0.005278169786051024 0.007417968347963608
1 0.7235700306459943 0.8163207880890746 0.003851637411442681 0.0057061294984336545
1 0.4191761817964854 0.7688104362074983 0.0040906481383854755 0.005107899262745974
1 0.46923792329958386 0.7661266247304621 0.003830924447059445 0.004934750135195287
0 0.24218392434027736 0.07840546120462592 0.0060869604482233445 0.005951694660485032
1 0.2631501214397132 0.09274363470488531 0.0041932394198871846 0.005410631509531853
1 0.21452207074779583 0.052163898383396495 0.005681163085008407 0.00577134027683397
1 0.4117855817615444 0.04343228014454132 0.005096356209920074 0.004813225309368984
1 0.17044575946364232 0.17644344362916306 0.004487493140603078 0.004786659349976645
1 0.1499827907424923 0.180751437044142 0.005923490945596086 0.005265325284974302
1 0.12907107270728196 0.18565776287786806 0.003948993963730718 0.005983324187470771
1 0.1215320842310688 0.1300128479343899 0.005743991219971925 0.006222657154969617
1 0.10474885988521329 0.1978637442203084 0.00484649259185133 0.004547326382477763
1 0.21505734081686748 0.39697222487279804 0.004027029983102892 0.004543315878372596
0 0.25449173549351806 0.5483257098375331 0.003453000330637472 0.005371333847658235
0 0.2240621700797754 0.5306770414809416 0.004172375399520263 0.005755000551062466
1 0.20595708222114673 0.5354068846005081 0.003884625371967125 0.005755000551062467
1 0.268327988079289 0.6108662789387929 0.0028590848370975055 0.0034876779573105665
0 0.35171167356909094 0.6199188389019774 0.0038728915514126784 0.006042809512842311
0 0.12471523650848 0.009488558174682265 0.010318807014966964 0.01328398144455517
1 0.08344000844861217 0.05882906068303004 0.005337313973258784 0.008539702357214018
1 0.0709862758443417 0.12335125627086942 0.003914030247056432 0.007590846539745808
1 0.08219463518818511 0.14849593543377743 0.004269851178607027 0.004744279087341124
1 0.07525612702294872 0.16249155874143376 0.003914030247056432 0.006167562813543483
1 0.04074149666254197 0.1302304609475141 0.0032023883839552656 0.006167562813543483
1 0.04987223498412039 0.1715493124943973 0.004749736665154325 0.005587925488416872
1 0.03268936410723858 0.20824335653500128 0.0033527552930501113 0.006705510586100197
1 0.052386801453907984 0.21234116855984034 0.003632151567470947 0.0059604538543113605
1 0.05685714184464146 0.2328302286840354 0.002514566469787578 0.004470340390733476
1 0.05476166978648514 0.25723083665012236 0.003911547841891796 0.005587925488416943
1 0.09010529850072173 0.21960547169478226 0.005867321762837711 0.005587925488416837
1 0.09611231840076982 0.19222463680153964 0.0055879254884168535 0.006705510586100197
1 0.004051245979102217 0.24978026933223318 0.005308529213996009 0.00484286875662793
1 0.013690417446621285 0.33359915165848597 0.003352755293050109 0.005587925488416943
1 0.08731133575651331 0.3242859425111246 0.004190944116312618 0.004842868756628036
1 0.14430817573836519 0.2874056342875733 0.004749736665154298 0.006332982220205671
1 0.15730010249893436 0.29448367323956803 0.002235170195366738 0.004097812024839058
1 0.18440154111775608 0.24661377822213035 0.0033527552930501512 0.004470340390733476
1 0.15604281926404057 0.19818509065585097 0.0036321515674709558 0.006705510586100232
1 0.14360968505231309 0.13429647590495164 0.002793962744208436 0.0055879254884168535
1 0.1582779894594073 0.10691564101170906 0.0025145664697875957 0.0037252836589445693
1 0.27045559363937555 0.14454100596704922 0.005587925488416836 0.0037252836589445693
1 0.30426254284429755 0.14472727014999645 0.006705510586100267 0.006332982220205761
1 0.24433204198102682 0.33285409492669715 0.004749736665154316 0.004842868756627965
1 0.281212350204578 0.3112474497048186 0.0036321515674708846 0.004842868756627965
1 0.3228423950932836 0.33993213387869176 0.0036321515674708846 0.004842868756627894
1 0.1628880279873512 0.15180530910199114 0.004470340390733476 0.005587925488416818
1 0.23413407796466607 0.1570207062245135 0.005587925488416836 0.004097812024839058
1 0.21010599836447358 0.19036199497206738 0.0033527552930500805 0.00447034039073344
1 0.1944598069969064 0.24363355129497472 0.00447034039073344 0.0052153971225224185
1 0.17476236965023703 0.1367179102832656 0.0041909441163126004 0.0052153971225224185
1 0.2082899225807381 0.1281497578676931 0.003073359018629276 0.006705510586100232
1 0.17448297337581614 0.0551341981523796 0.004190944116312636 0.005215397122522392
1 0.22323762326225322 0.09629858258371707 0.003911547841891796 0.0040978120248390225
1 0.007993651131098945 0.36601232906334874 0.003996825565549473 0.006298028163896134
1 0.016713997819570524 0.3542640842191578 0.003996825565549475 0.005571332606523569
0 0.005813564458981051 0.3875709639320701 0.0043601733442357885 0.004844637049150933
0 0.005881206353147052 0.409133016728614 0.003473055690674843 0.004079462239840268
0 0.025957841487931885 0.5048288848990836 0.0028530647492167917 0.0040967083578497925
1 0.06662197660039845 0.6694415445717735 0.0028013624679528613 0.005549365650801832
1 0.08296656818072588 0.7466111587609771 0.004649042893664781 0.007036389244465651
1 0.07515166450073701 0.8192213620577299 0.005310642769944458 0.007080857026592469
1 0.14039670424576906 0.8185132763550707 0.0050071774688047735 0.0072831672273524365
1 0.1354653931022492 0.840160467836368 0.004551979517095272 0.006473926424313277
1 0.006926088867938687 0.8344654476816499 0.0038478271488548254 0.005643479818320287
1 0.008144567465076047 0.8434437110289779 0.003976088053816653 0.005130436198473234
1 0.025523920087403677 0.8221524008053145 0.003591305338931172 0.0056434798183204295
1 0.05797392904274603 0.8629393685831757 0.003591305338931168 0.005130436198473092
1 0.05816632040018877 0.8725161828203254 0.003976088053816653 0.0058144943582695416
1 0.052150038281182615 0.9869389994214696 0.003946489383440852 0.005074057778709573
1 0.005285476852822562 0.8985188444258069 0.0038055433340322435 0.005261985844587685
1 0.009725277409193513 0.923607241220538 0.00422838148225805 0.005825770042222161
1 0.013812712842042961 0.9481318538176348 0.0028189209881720333 0.005637841976344049
0 0.033967997907473 0.9276476946369178 0.0045102735810752526 0.004886129712831604
0 0.027202587535860117 0.9386414864907888 0.002537028889354831 0.005449913910465938
1 0.03544793142626332 0.9495413143117207 0.002677974938763432 0.005825770042222161
1 0.08611803618865561 0.9345070690414699 0.0036645972846236496 0.005449913910465938
1 0.08351053427459647 0.9195667878041581 0.0032417591363978282 0.003758561317562652
1 0.13823471445814386 0.914889714164611 0.002668800935547466 0.003669601286377713
1 0.13965251495515346 0.9175585151001584 0.002835600994019192 0.004559201598226963
1 0.1399861150720969 0.902657709876685 0.0035028012279061118 0.004336801520264686
1 0.17119918089295005 0.9794096631117332 0.0029327482808214358 0.005254507336471761
1 0.17239060988203378 0.9440333869743247 0.003116045048372733 0.005132309491437468
1 0.17995814785665318 0.9122941973555185 0.0035350090884901063 0.005237050501466882
1 0.19259253219144198 0.8794753475463264 0.003404082825953445 0.004189640401173591
1 0.217599448335946 0.9242521293338677 0.0031422303008800867 0.004364208751222378
0 0.23895571045685174 0.9975052558462568 0.002662659625629722 0.0038380679288356136
0 0.24449692102910817 0.9362880723813283 0.002518732078298385 0.003070454343068576
1 0.2584527528507003 0.9907475148144141 0.003084161728528656 0.004249289492639434
1 0.2671624215993898 0.9948686275900989 0.0027312143472056506 0.004303731698627047
1 0.2769699640279919 0.9507553776791707 0.0022346299204409805 0.004469259840881819
1 0.28944664775045414 0.976163947515296 0.0031036526672792064 0.003972675414117361
1 0.28901213637703504 0.9414030376417695 0.002482922133823351 0.004634787983137017
1 0.32768364861133337 0.9031660367808902 0.0038485293074261052 0.0056279568366662145
0 0.34727485921725076 0.9758074253627471 0.002578419138970389 0.004074538886274297
1 0.3492802963253388 0.983192527094119 0.002578419138970389 0.003819880205881958
1 0.33987384131835424 0.9968804311651962 0.0026739161441174273 0.004456526906862308
1 0.35954622437864686 0.9701412697240221 0.0026739161441174273 0.004201868226470111
1 0.38089662624366616 0.9508773226784932 0.0027284858613442963 0.004547476435573969
1 0.38676287084555644 0.9628826604684082 0.0038198802058821003 0.0041836783207277505
1 0.4705273867888269 0.9704314713514607 0.0027284858613443675 0.004729375492996723
0 0.5826366731609087 0.9258662022828368 0.003253194680833502 0.004197670555914499
1 0.5055569475779318 0.9016596354103976 0.00440755408371011 0.005037204667097086
1 0.5941277963077242 0.9309034069499341 0.0029383693891400497 0.00391782585218678
1 0.5696763653195231 0.9927490864737385 0.002518602333548614 0.004197670555914357
1 0.4993032648065362 0.8955460837637544 0.003374359766603092 0.004699108415713908
1 0.4945791611332919 0.8854479997214756 0.003074416676238414 0.0036992981144983615
1 0.4858006838585747 0.8662642109819203 0.0035197403461166487 0.004284901290924523
1 0.3258820463937107 0.8688147474646132 0.004131869101962948 0.0061212875584638485
1 0.3954351762767544 0.8484104556030677 0.0024485150233855535 0.00326468669784731
1 0.411114184275985 0.857517530958786 0.003712615235162815 0.004346476372873553
1 0.4884028427034937 0.8240245985301351 0.004240048478146789 0.004760756185989408
1 0.3869164493945854 0.8292715122050018 0.0022636731653583554 0.0035212693683352825
1 0.3431521015309892 0.8314094257500626 0.0026409520262515684 0.003772788608930853
1 0.32183584589053055 0.829648791065895 0.004150067469823782 0.006287981014884565
1 0.3031114290518286 0.8209237523203897 0.0026789031542703155 0.004018354731405509
1 0.2886565141152449 0.8150450481762965 0.0034602499075991845 0.0038695267783904795
0 0.6065759008841488 0.9285604258864026 0.0036393745303152513 0.005211943771809473
1 0.6242336069386417 0.9083416784957619 0.0036393745303152513 0.005391665970837494
1 0.6104848587130058 0.9678297263740027 0.0025610413361477668 0.004313332776669938
1 0.6629862061040365 0.9372769525392567 0.0032349995825025246 0.0046727771747258375
1 0.6952014102797907 0.94779070118239 0.002156666388334969 0.0037741661795861604
1 0.6935165146639037 0.9418598686144685 0.0036393745303152513 0.004133610577642059
1 0.6870614075264219 0.9939231716305017 0.002050929574705833 0.002734572766274397
1 0.7684719175890468 0.9928018348668141 0.0030763943620586076 0.0045576212771239
1 0.7615215451414328 0.9482131067056189 0.0037600375536271714 0.0056210662417862526
1 0.72996001779735 0.9191202908866449 0.0030763943620586076 0.004861462695598817
1 0.7483044434377736 0.9158539956380395 0.0033042754259147954 0.005013383404836275
1 0.7585021210453382 0.8954966206002197 0.0034182159578428186 0.005317224823311193
1 0.7380542329294844 0.883890133419653 0.003990188897373201 0.006054079706359516
1 0.7857989069773643 0.9276446185701596 0.0037150034561749122 0.0055037088239630804
1 0.8344998504334079 0.924898267867002 0.0024766689707834645 0.004953337941566929
1 0.8438561554341452 0.8891241605112419 0.003577410735576052 0.004586424019969115
1 0.8657333980093986 0.8650912986466028 0.002751854411981469 0.003852596176774199
1 0.8545195912805739 0.8598627752638379 0.00343981801497705 0.004402967059170493
1 0.8096348802108602 0.963308607840246 0.004324342647399675 0.004717464706254191
1 0.8873311517363007 0.9656363246463229 0.002442474330161275 0.003876943381208093
1 0.8696522899179917 0.9713742008505111 0.0031403241387785385 0.005117565263194734
1 0.871232255115645 0.9964553660514668 0.0024923207450625283 0.003544633948533118
1 0.9395292172603695 0.8895107185702409 0.003441074006989453 0.004719187209585414
1 0.9272396672354069 0.8988180044558125 0.0032444412065902382 0.0044570101423863666
1 0.9306315830422967 0.8731901961370906 0.00373602320758863 0.00485027574318508
1 0.9970906371369478 0.8460560969566023 0.0026083942910123882 0.005083024772229265
1 0.994883534275322 0.9497230495481229 0.0030096857203989204 0.005350552391820429
1 0.9283457347995112 0.8687983191273386 0.00237450549932845 0.004590710632035382
1 0.7681525290327968 0.8368435809776597 0.0037313657846591753 0.004296724236880465
1 0.835995543299328 0.854708908067846 0.0023745054993285918 0.0038444374751034614
1 0.8341298604069983 0.8830899023693449 0.0030529356419938835 0.005427441141322333
1 0.8715283220214236 0.9254917862859267 0.0028833281063276673 0.004296724236880323
1 0.739658463040854 0.8205612575536921 0.0030529356419938835 0.002939863951549739
1 0.7190511474573953 0.8387657997152113 0.0032225431776603843 0.0036182940942148887
1 0.714810959065737 0.8309638530745602 0.0028833281063276673 0.0047490109986571835
1 0.6999702996949334 0.866581435564489 0.0027137205706611665 0.004975154379545614
1 0.5603091697370481 0.8379768042232802 0.0032721968254062973 0.006140418734095334
1 0.5770337312891242 0.8092137901530433 0.003999351675496357 0.0051708789339751605
1 0.5883652277030307 0.8004071369686169 0.004120544150511449 0.005009288967288228
1 0.6230868717948406 0.8195555480209936 0.005453661375676901 0.00484769900060158
1 0.665204289235569 0.8082694619391537 0.0028684609471015675 0.004644174866735966
1 0.6711461011974226 0.8019861665312169 0.0028684609471015675 0.0051905483804695505
1 0.6986525927794502 0.7880536419310092 0.002970905980926517 0.005463735137336272
1 0.3631479062167443 0.789066836722996 0.0033986523441407 0.0058003666673333495
1 0.2924334929079289 0.725842587079774 0.001942087053794701 0.004382145147023806
1 0.382217671317975 0.7290296017321549 0.0031372175484375474 0.004382145147023806
1 0.2924334929079289 0.7637879802846852 0.003436000172098268 0.004182956731249874
1 0.23805505540167804 0.731917833760875 0.0022408696774554216 0.004581333562797596
0 0.17861417190699824 0.7621440444457945 0.002399353275381948 0.004041016042748424
1 0.15455749827751092 0.7649222429751842 0.0025256350267178185 0.004209391711196275
0 0.3016489952472546 0.7822423278017011 0.002882170148832692 0.006689481333092999
1 0.4195361296234293 0.6566068352672417 0.002408133703843518 0.005288450486872307
1 0.36641087632446473 0.6323980309896318 0.0021553580960262764 0.004789684657836162
1 0.2914457321921617 0.6264240836416711 0.0028948643536372033 0.003859819138182985
1 0.2981565541028661 0.625195959370431 0.004210711787108678 0.005614282382811595
1 0.48037107238852317 0.6263626581482933 0.0036149654765699067 0.0044343576512591906
0 0.4976052598706084 0.6226738247381194 0.004021381713580752 0.005475924035514339
0 0.5778410812593794 0.7138616302184676 0.0038952560103491154 0.005910043601909081
1 0.5991978297299141 0.6809086598320657 0.0022834259371011714 0.003760936837578299
1 0.6785332277216749 0.7239599578952374 0.0031629318548820604 0.006466438458869988
1 0.7243957396174653 0.7345030640781774 0.0037955182258585297 0.006185288960658255
1 0.536115565427326 0.44600485624028513 0.002659233975491304 0.00410548403233733
1 0.5217696979279656 0.4893923579456687 0.0033590323900941853 0.005038548585141242
1 0.5488518965730999 0.4556154211341658 0.0023793146096500097 0.003918871121776562
0 0.49330334794355046 0.4507355592741015 0.003502262337947428 0.005957871563404993
1 0.5927492651648352 0.3693098399995475 0.00417093982757784 0.005308468871462679
1 0.6082007013442712 0.3399868690905156 0.0036021753056354553 0.004802900407513846
1 0.5200422004431948 0.30067892101849447 0.0036021753056354553 0.005561253103437025
1 0.4104602358822871 0.3076304873977908 0.0036021753056353846 0.004802900407513846
0 0.32987072516374993 0.4546357039454339 0.0024655461861084406 0.004931092372216881
1 0.12783238285758952 0.37609514566122365 0.0036493340169746523 0.004865778689299418
1 0.16357068840313407 0.37206829433214816 0.004656046849243509 0.006543633409747542
1 0.46005848368977686 0.1094184553724195 0.004055480540692855 0.006361538103047657
1 0.4882082897957627 0.02099307574005723 0.0035783651829642336 0.005089230482438112
1 0.6600890974174812 0.04882480494089068 0.004771153577285645 0.0060434611978952635
1 0.5731348234714487 0.024969037054462007 0.0031012498252357547 0.0060434611978952635
1 0.6223969841569239 0.09558210999829087 0.0038169228618286865 0.0034988459566761953
1 0.6813207308364028 0.1273898005135291 0.002862692146371302 0.0041349997669809825
0 0.5886554393348894 0.0778298111526569 0.0034052774977732982 0.004197700563292805
0 0.6065170835684924 0.06412303380312939 0.004304784761335938 0.004711704713900078
1 0.4439467335784466 0.029971087498966854 0.0037463859373708885 0.005994217499793369
1 0.5132548734198074 0.026724219686578784 0.0037463859373708885 0.00399614499986225
1 0.37883308923501274 0.15046347308230273 0.003958565022581197 0.00485583976103296
1 0.38089312647276397 0.24712001914300294 0.004275250224387719 0.0065448275040009204
1 0.3951439605540563 0.24310867325345398 0.0036418798207746763 0.004433592825290944
1 0.47209846459303506 0.11231768490737083 0.0030085094171617044 0.004222469357419953
1 0.34438007619424654 0.017447936074010902 0.002237996473311199 0.0039786603969977664
1 0.3510940656141803 0.019271488755968215 0.0034813278473730235 0.005304880529330358
1 0.9519748488686176 0.7926077300057338 0.004269851178607098 0.004744279087341141
1 0.9735430714887607 0.7738130859289591 0.0038319177243907633 0.005839112722881481
1 0.7652509723272262 0.7874985063732126 0.003831917724390905 0.005474168177701273
1 0.7844105609491808 0.6340393251249858 0.0038319177243910474 0.010218447265042414
1 0.7640192844872433 0.7343990750495099 0.0035582093155058204 0.004379334542160933
1 0.8165712989931759 0.6878686455390488 0.0030107924977356504 0.0062040572680614045
1 0.8339517829573775 0.6794749209999067 0.004379334542161075 0.005474168177701415
1 0.8141079233132104 0.784943894556952 0.0035582093155058204 0.005474168177701415
1 0.8372362838639984 0.7885933400087528 0.006021584995471301 0.0054741681777011305
1 0.8834930049655745 0.7940675081864541 0.0038319177243907633 0.005474168177701415
1 0.8735026480412695 0.7336691859591497 0.0035582093155059626 0.004379334542161075
1 0.8840404217833444 0.7708935295675186 0.0027370840888507075 0.00656900181324147
1 0.8394259511350788 0.7325743523236093 0.0038319177243910474 0.005839112722881339
1 0.8693970219079935 0.6389660764849171 0.0035582093155058204 0.005474168177701344
1 0.818897820468699 0.6694389460074543 0.0027370840888507075 0.005109223632521207
1 0.762650742442818 0.6417031605737678 0.0035582093155058204 0.00583911272288141
1 0.7961800225312384 0.6610452214683125 0.004926751359931103 0.004379334542160933
1 0.9186645355073053 0.7329392968687894 0.0019159588621954526 0.005109223632521207
1 0.952741232413496 0.7785573650163005 0.004379334542160933 0.006569001813241613
1 0.9367292904937196 0.7679739732060779 0.0019159588621954526 0.005109223632521207
1 0.8647439789569472 0.8055632613596267 0.0030107924977356504 0.004379334542161217
1 0.7871476450380314 0.7588503595765758 0.003831917724390905 0.005109223632521207
1 0.7883793328780141 0.7238156832392874 0.0030107924977356504 0.005839112722881339
1 0.877927355373404 0.5340957808247121 0.0030510073166755093 0.005763013820387286
1 0.9263620965256291 0.5366382869219418 0.003305257926398468 0.006102014633351232
1 0.962847059020875 0.5490118165951262 0.0035595085361215693 0.0057630138203870725
1 0.9652624398132431 0.5600293430164547 0.0038137591458443864 0.005424013007423341
1 0.963101309630598 0.43714154831702073 0.005085012194459324 0.00779701869817103
1 0.9692033242639491 0.4244290178308724 0.005085012194459324 0.0074580178852070135
1 0.8513581666573542 0.3932409430381885 0.004322260365290447 0.008136019511134976
1 0.8709354636060226 0.4447690666087098 0.0033052579263986104 0.006102014633351232
1 0.8615281910462727 0.5310447735080365 0.006356265243074262 0.005763013820387215
1 0.9083103032352987 0.5096877222913073 0.002796756706952692 0.004407010568531433
1 0.9816616041403745 0.5213832503385638 0.004068009755567346 0.005424013007423412
1 0.9521685334125104 0.4869746678227223 0.004068009755567488 0.007119017072243139
1 0.8669945791553165 0.3373058088991358 0.004068009755567346 0.008136019511134905
1 0.9883992452980331 0.34510282759730676 0.0033052579263986104 0.004068009755567488
1 0.8375225706081395 0.3846670594169869 0.004298404221859187 0.00544464534768828
1 0.8035651772554524 0.3524290277530436 0.003868563799673268 0.005731205629145535
1 0.70814060353018 0.33752789311726533 0.003868563799673268 0.0063043261920599745
1 0.7172747125016308 0.3730613680179673 0.004083484010766085 0.006304326192060046
1 0.7362951511833572 0.4329524668425377 0.004298404221859045 0.008596808443718231
1 0.8463342992629507 0.35472151000470176 0.0017193616887438167 0.0034387233774872783
1 0.8654836900713329 0.21305756926348351 0.003868563799673268 0.003152163096030023
1 0.9042767881736115 0.24529560092742686 0.003223803166394248 0.005731205629145499
1 0.926413569916186 0.23684207262443727 0.0036536435885801666 0.004871524784773662
1 0.8413051663233753 0.255898331341346 0.003223803166394248 0.004011843940401824
1 0.7916585975609027 0.2771037921691843 0.004513324432952146 0.005731205629145535
1 0.6938699015136077 0.2561848916228033 0.004083484010766227 0.00630432619206001
1 0.7361017229933736 0.30704934158146946 0.0030088829553012886 0.005444645347688244
1 0.7120019329158663 0.09713231094698653 0.002794982912971733 0.003992832732816645
1 0.7209858065647036 0.10325465447063874 0.004392116006098377 0.005057588128234425
1 0.7233815062043937 0.11070794223856316 0.004791399279379931 0.006122343523652205
1 0.7492350981493814 0.11230507533168982 0.004991040916020637 0.004525210430525526
1 0.7921580500271606 0.11070794223856315 0.002994624549612439 0.005057588128234425
1 0.800642819584396 0.15556076327053694 0.004791399279380073 0.009050420861051088
1 0.8830948155170598 0.11643100248893369 0.002395699639689894 0.005323776977088865
1 0.8813978616056128 0.13506422190874479 0.0021960580030491884 0.005856154674797747
1 0.8038370857706494 0.020469922476906724 0.004791399279379931 0.006122343523652203
1 0.7609141338928701 0.03710672553030946 0.004392116006098377 0.006388532372506655
1 0.7211854482013444 0.029520343337957805 0.0035935494595349836 0.0055899658259433195
1 0.7777838521890206 0.02007063920362506 0.00578960746258403 0.007453287767924424
0 0.8429425115361888 0.06194954801357475 0.004134590107946252 0.00630032778353713
0 0.8748969865133163 0.08431571164513157 0.0030714097944745332 0.004410229448475995
1 0.8931558427063464 0.0502901164150196 0.0032064168184072627 0.0038251990114332645
1 0.9465869694303976 0.17610428041950674 0.002796003454232334 0.00466000575705408
1 0.9560234810884322 0.1535365382532019 0.0026961461880100047 0.004526862735423993
1 0.9192260784854085 0.1629896927889402 0.0025962889217872485 0.003728004605643278
1 0.9947931568326794 0.08587724895142541 0.0032810244615993156 0.004755107915361343
1 0.9955939730935757 0.009214007144662672 0.0032465461415756634 0.004081372292266688
1 0.9824222716048968 0.00568918561952326 0.0032465461415756634 0.004205050240517192
1 0.9604385163033693 0.01886088710820211 0.002875512296824354 0.003834016395765676
1 0.938408381771248 0.03252730038988299 0.0031537876803879785 0.005441829723022247
1 0.03472335372182358 0.5998022888708298 0.006207526922337174 0.008276702563116274
0 0.06498504746821733 0.5858353532955711 0.00504361562439895 0.007759408652921422
0 0.11028059547964641 0.6199767513684256 0.007565423436598451 0.010345878203895254
0 0.1424821413892705 0.6217872800541073 0.005625571273368042 0.008793996473310911
0 0.20387846235551166 0.6170023113848057 0.004655645191752846 0.006466173877434542
0 0.20504237365344988 0.5638503621122937 0.005043615624398967 0.007759408652921422
0 0.1804062511804242 0.5630744212470015 0.004655645191752882 0.007242114742726713
1 0.08690537691272049 0.553633807385947 0.005043615624398967 0.006466173877434542
0 0.05877752054588015 0.5598413343082841 0.005819556489691102 0.007500761697824103
1 0.032104553301462585 0.5315194927251208 0.003685719110137704 0.005172939101947663
1 0.01590678773848902 0.5378563431250066 0.0042676747591068095 0.006466173877434542
0 0.0013578965142612572 0.5097931484969407 0.0027157930285225144 0.004655645191752882
0 0.027254922893386668 0.5488488387166455 0.004461659975429843 0.004138351281558102
0 0.16158968519708963 0.6229511913520455 0.004655645191752917 0.004914292146850343
1 0.12356858279777443 0.6605843233187148 0.004655645191752846 0.005172939101947663
0 0.15189042438093783 0.6673091441512465 0.0038797043264607645 0.004655645191752882
0 0.15150245394829173 0.647005358176102 0.003879704326460729 0.005948879967239691
1 0.21483862707776324 0.5956639375892716 0.005625571273368095 0.005690233012142443
0 0.21474163446960176 0.55531501259408 0.006595497354983273 0.009311290383505906
0 0.292432713606978 0.5581601291001512 0.006401512138660231 0.005690233012142585
0 0.30436280441084473 0.5829902367894999 0.0062075269223371525 0.005690233012142443
0 0.33491547598172305 0.5525992195655575 0.00523760084072201 0.006466173877434542
0 0.3508222637202121 0.5567375708471156 0.004461659975429839 0.005948879967239833
0 0.33413953511643085 0.5216909084314203 0.004073689542783825 0.005690233012142443
1 0.2272536809224376 0.5476849274187071 0.004073689542783789 0.007500761697824103
0 0.2552845446811164 0.5633330682020988 0.004655645191752917 0.005690233012142443
0 0.37089973360964634 0.5884218228465449 0.006207526922337223 0.006724820832532004
0 0.31221920567192774 0.5807917376711721 0.004073689542783825 0.005431586057045123
0 0.3136740947943505 0.5955346141117229 0.004267674759106832 0.005431586057045052
0 0.3851576470093896 0.5622984803817094 0.004849630408075924 0.006724820832532004
0 0.41076369556403036 0.5595826873531867 0.004849630408075924 0.006466173877434542
0 0.45780511052236683 0.6170023113848057 0.006595497354983167 0.006466173877434542
0 0.5550886965083699 0.5976037897525021 0.0052376008407219385 0.007500761697824103
0 0.6254083374254706 0.5562202769369209 0.004655645191753024 0.007500761697824103
0 0.6854467618774504 0.5589360699654433 0.005237600840722081 0.006724820832532004
