1 0.12550413157475443 0.8308860142904007 0.005651217932071493 0.005337261380289675
1 0.15187648192442144 0.8640084305033753 0.004238413449053607 0.005651217932071546
1 0.2969244088475898 0.8533339077427956 0.006122152759744104 0.0069070441391981775
1 0.5242681969065494 0.9525441781058285 0.06145699501127758 0.050233048285079886
1 0.6060931232146679 0.9533290694852831 0.007064022415089326 0.00847682689810739
1 0.6867407124536048 0.9591372656932454 0.008712294311943652 0.01067452276057935
1 0.583488251486382 0.8498803856731965 0.010831501036470357 0.011302435864143092
1 0.6100960692498851 0.8225661656681842 0.03720385138613736 0.03453522069599245
1 0.7225317593567243 0.9285265018945248 0.00400294603521715 0.007221000690980333
1 0.7909350430761731 0.9192647836169633 0.003767478621381173 0.004395391724944488
1 0.742664223239729 0.9511313736228107 0.0098896313811251 0.009104740001670563
1 0.8581609897264403 0.827746448772583 0.004473880862889956 0.00847682689810739
1 0.6469520694572714 0.7789156913781053 0.0025551362200425844 0.004229190984897855
1 0.5375064413019627 0.7708763728676583 0.0024857073036942266 0.004050782272686888
1 0.19908727201922966 0.6014825293509006 0.004315456571851221 0.005894282146918783
1 0.3474939726101106 0.5961309268146029 0.002880673783466534 0.003200748648295999
1 0.22909358450179113 0.560984546424691 0.004961160404858873 0.004694431350834165
1 0.23535697642859232 0.2669834993194304 0.006463382348568096 0.009009563273761572
1 0.24067489429934136 0.28897816272698806 0.003231691174284066 0.00489650177921824
1 0.46568177689590984 0.30662569772561626 0.0037070422650273115 0.0037797293682632115
1 0.47402261860883543 0.07553974716220667 0.0025395196972355194 0.0031952642199959856
1 0.40731461967508664 0.04479268940493921 0.002813609393713037 0.003751479191617424
1 0.2366628626775899 0.015957040888501636 0.0029919451665940855 0.003590334199912866
1 0.19106887560369287 0.006139116375625055 0.0020463721252083644 0.002669181032880459
1 0.06541204648277121 0.02161871224643053 0.0037060649565309324 0.005682632933347453
1 0.5827355431819498 0.5319785602216625 0.003232293743242138 0.0033778925605052025
1 0.5342540564283724 0.44782852314809135 0.002720385710082951 0.004121796530428554
1 0.7351062309876917 0.3401484922642032 0.0038729069100828894 0.00451839139509687
1 0.8708171639812735 0.4897096602865107 0.0032829581105805515 0.0052784816679921675
1 0.9351151456754604 0.3322599133263975 0.0029738953281231773 0.005364673925241874
1 0.7695604762970346 0.2989791818697858 0.025173894915539275 0.06095296772462179
0 0.8321366638389631 0.7769350585330966 0.004939658462092638 0.010604916472289148
0 0.7722193190696771 0.7771729313692333 0.002595413768218151 0.004911750787165516
0 0.7100549731696136 0.7200738284684343 0.0033489209912490026 0.00457685868804063
0 0.6994448165857452 0.3463555566883687 0.004499872571118573 0.005738967916788909
0 0.557309647197073 0.47305145706785956 0.0037638090504359665 0.006308860884540337
