1 0.562684016786898 0.8603511112045332 0.006213889171142597 0.011337622347348031
1 0.29123517404750515 0.22413607255911308 0.00817616996202986 0.011337622347348137
1 0.5123188098207937 0.6329445706606083 0.009484357155954797 0.01177368474532301
1 0.9533958312164295 0.12907446980057874 0.006867982768105208 0.011337622347348137
1 0.8859697770855604 0.446309864327339 0.008503216760511237 0.012645809541272968
1 0.8738690455417562 0.4415131779496148 0.010465497551398356 0.01177368474532301
1 0.8918566194582219 0.7447945757411774 0.0071950295665863 0.011337622347348031
1 0.8089502560432388 0.794941751508294 0.00883026355899247 0.012209747143297988
1 0.8876050110779664 0.8549003312298467 0.009157310357473563 0.011773684745323152
1 0.7736292018072695 0.9098441933746875 0.006867982768105066 0.011773684745322867
1 0.9729642254815585 0.7441404821442148 0.007195029566586441 0.010029435153423236
1 0.9656056725157316 0.6680475936975899 0.00752207636506725 0.008721247959498442
1 0.6588357755403698 0.7912352211255071 0.008176169962030001 0.009157310357473563
