1 0.44549359839140384 0.33382942674753496 0.08592159840373341 0.11199347355464205
1 0.3526366243317638 0.37312988879767306 0.009632466188759353 0.013870751311813478
1 0.38461641207844477 0.3800652644535798 0.02735620397607654 0.016439408962149286
1 0.37825898439386363 0.4085773643723074 0.02697090532852613 0.04469464311584332
1 0.337417327753524 0.5061863550850688 0.006164778360805982 0.00873343601114172
0 0.0550426639357677 0.08770131120432322 0.008806826229722836 0.015411945902014938
0 0.4711652032901715 0.63739404837619 0.011008532787153556 0.02128316338849693
1 0.304936358204153 0.9034335907324004 0.012109386065868897 0.014678043716204599
1 0.4406165248058204 0.8700410412780347 0.008256399590365148 0.009540728415533124
1 0.14063400635588644 0.945999917509394 0.010458106147795848 0.014678043716204599
1 0.6280367955071093 0.09320557759789998 0.011008532787153556 0.011742434972963772
1 0.8855112590136034 0.4227276590266959 0.007705972951007851 0.011742434972963735
1 0.7079986678207524 0.3592451199541105 0.009357252869080668 0.01394414153039456
1 0.7170807073701542 0.2876896568376125 0.011008532787153484 0.017613652459445604
1 0.8428531944633834 0.16879750273635427 0.00825639959036522 0.010274630601343305
1 0.9317470967196482 0.54418847077829 0.007705972951007567 0.011008532787153556
1 0.1458630594297844 0.2102629762346326 0.01100853278715352 0.012476337158773988
