1 0.4210953240316343 0.8961134141429699 0.009954972199329433 0.01692345273885991
1 0.4859364027179385 0.8377885208207891 0.005498262080990415 0.008210738040945813
1 0.2466400093735239 0.9050189642036905 0.00971909526994157 0.009401477777459775
1 0.9406775001999443 0.9803342682885028 0.0053413098475671465 0.005665025595904467
1 0.9856893234668971 0.9702664770105759 0.00788746683204863 0.009037722411722342
1 0.10339983256950468 0.3558898871481061 0.010942170349580813 0.015045484230673693
1 0.08936188314557982 0.4374301338251202 0.007709909577731527 0.009968367938885265
1 0.533638762041624 0.26218217885970796 0.008326937347064743 0.012563449330659218
1 0.5705621552779507 0.31784118112693077 0.005478248254647866 0.008180850726940853
1 0.8433339622699885 0.30730805756822877 0.009089651075859137 0.012119534767812183
