1 0.8704151682840882 0.8984887288916684 0.008308412290243296 0.008576425589928221
1 0.811184229053646 0.8077215580649273 0.007236359091502038 0.009291127722422346
1 0.751339428553812 0.6978923575190056 0.005583044100345666 0.005286360597428776
1 0.946744319458917 0.5356980398803283 0.005543119727938972 0.007117091996366014
1 0.9020331116660671 0.5597611241671906 0.006104993871198445 0.007488792482003603
1 0.8569435380161271 0.5503257371128347 0.005973786324601349 0.008384261508212277
0 0.6299533788537011 0.32740471248915737 0.004694774052434525 0.008346264982105894
0 0.03355813866157444 0.3088316618467765 0.004068037337083519 0.0063280580799076344
0 0.6078049853992014 0.049845050982315134 0.0038615105320334918 0.00818724637392906
1 0.9000734317882781 0.05846661089228762 0.0032467542490238087 0.006493508498047929
0 0.07869500904311125 0.23024272487101705 0.00709462603241282 0.006849983755433051
1 0.7831989609511167 0.07148640698643668 0.003512150127595248 0.006188074034334274
1 0.8548456330737276 0.15158766338316607 0.003183260717379994 0.006366521434759811
1 0.2778431662948729 0.2815749392481972 0.008196964710289585 0.011559822027331492
0 0.8418237131599733 0.05178658159310698 0.0037877723606059986 0.007381299984770564
