0 0.6206989553265724 0.3957083578578643 0.00809127159855784 0.010788362131410451
0 0.7233982107758269 0.5355651200950196 0.011173660778960936 0.013870751311813407
1 0.7095274594640134 0.5016588391105867 0.007320674303457224 0.009760899071276086
0 0.7842836323488718 0.5330956598913399 0.0060508529498726205 0.0074472036306124775
0 0.8154687975520614 0.5327853597400645 0.006516303176785953 0.009309004538265527
0 0.9335569801081295 0.5869327361376423 0.006749028290242478 0.008998704386990042
0 0.9641603325276773 0.5310787089080492 0.004654502269132621 0.008998704386990042
1 0.33093999307783567 0.5369041846188953 0.006651716832547834 0.010769446300315622
0 0.20572809917808674 0.5422732960629477 0.005701471570755317 0.008868955776730445
0 0.13861702756398797 0.4852585803553947 0.006889278147996016 0.008868955776730445
0 0.1887424651235449 0.6227273948947167 0.007839523409788534 0.008235458935535362
0 0.09858794591097687 0.6247862596286006 0.004751226308962746 0.007285213673742845
1 0.12081689757076688 0.6986565162893785 0.006108719540094949 0.009049954874214734
1 0.17511662681605536 0.8319171018121909 0.008823706002359408 0.011312443592768347
1 0.17834067323999434 0.9090479535141419 0.008484332694576331 0.010859945849057624
1 0.4527239925825927 0.7735448928735056 0.010859945849057695 0.014027430055032824
1 0.4895459964770541 0.7140414395755437 0.00916307931014252 0.010859945849057766
1 0.5246711338326 0.8844068400826361 0.009502452617925457 0.014027430055032965
0 0.3241015089328156 0.9728701489780854 0.005429972924528954 0.009049954874214734
1 0.3634688126356498 0.9504715106644039 0.008823706002359372 0.010407448105347043
1 0.8555966575383109 0.9570327279482096 0.00576934623231196 0.008144959386793289
1 0.8087631410642495 0.9206066595794953 0.0078055860790102825 0.009502452617925315
0 0.7767211495260905 0.7313740202843237 0.0048499603467129756 0.007113275175179155
1 0.7564725650785639 0.6864310544047832 0.007032442502733998 0.008406597934302625
0 0.7755218573612868 0.6698170625342061 0.005834206802405219 0.007778942403207055
1 0.8562653550050067 0.039098200377088756 0.008160570579633628 0.012435155168965411
1 0.05246081086907283 0.06347110450826098 0.00932636637672406 0.0139895495650861
0 0.02501147978059264 0.6094750067307872 0.008663359476023941 0.011551145968032018
