1 0.3495456400276845 0.35918626664421005 0.006520438650852398 0.009484274401240072
1 0.3827406004320244 0.42992314655345815 0.005927671500774992 0.00948427440123993
1 0.5087036198234928 0.4403953662048273 0.007113205800929947 0.010669808701395027
1 0.295900212945671 0.333302101090826 0.005927671500774992 0.008298740101084974
0 0.23503217500572796 0.5556204086726416 0.0059276715007749205 0.010274630601343376
1 0.08283920922333035 0.5500879152719182 0.006224055075813722 0.010274630601343234
0 0.6259621104818379 0.5528541619722799 0.007113205800930018 0.00948427440124
0 0.8685538844703149 0.603436958778893 0.0074095893759685795 0.010274630601343163
0 0.9027861873872903 0.6077839178794613 0.007705972951007425 0.00948427440124
1 0.5995839723033893 0.6439427140341888 0.005334904350697442 0.009879452501291795
0 0.6235910418815279 0.6980821137412669 0.00889150725116238 0.011460164901498189
1 0.7086531279176489 0.6976869356412153 0.007113205800930018 0.010669808701395027
1 0.8003838443921418 0.7294987726953742 0.006816822225891172 0.008693918201136625
1 0.7249542245447802 0.8381727502095822 0.006520438650852469 0.011855343001549983
1 0.8318005033462492 0.891521793716557 0.005038520775658668 0.00790356200103318
1 0.6344090423704424 0.803001899304984 0.009187890826201155 0.011064986801446536
1 0.596323752977963 0.8097199270058624 0.007705972951007425 0.012645699201653286
1 0.169847442302924 0.6634356869338653 0.006353395597366216 0.008188820992160971
1 0.08536024697141709 0.36967830165174065 0.009940686989076415 0.013254249318768601
0 0.04862292549004771 0.7602709688431424 0.005618649167738843 0.010372890771210166
1 0.9967584716339968 0.6970006326543728 0.004754241603471172 0.008644075642675091
1 0.9296703353697123 0.06310175219152861 0.010372890771210166 0.009796619061698512
1 0.752034580912738 0.1578984484061994 0.008644075642674949 0.014983064447303568
1 0.7306404936971168 0.2757460130013373 0.00907627942480886 0.01440679273779189
1 0.30124603614722895 0.0705932844151804 0.007779668078407624 0.010949162480721863
1 0.41772495543227656 0.02823731376607216 0.010805094553343934 0.011525434190233535
1 0.32350453092711745 0.009796619061698503 0.009940686989076398 0.013830521028280243
0 0.41253851004667147 0.9306788108613577 0.008211871860541464 0.012677977609256885
1 0.4218308913625473 0.9744754607842452 0.010372890771210166 0.011525434190233313
