0 0.096157580597226 0.9433036621535031 0.004576510975013406 0.010848026014846539
0 0.0481042153595853 0.9777122446693447 0.005085012194459324 0.009153021950026811
1 0.7851582347840932 0.7517343027475715 0.005085012194459324 0.007119017072242997
1 0.4182422529942802 0.6354570239009347 0.005593513413905242 0.007797018698170959
1 0.5062129639584267 0.7344452612864097 0.004068009755567417 0.005085012194459182
1 0.6597998899703079 0.18047881742488742 0.004498280018175649 0.0065192464031529705
0 0.9295514049981429 0.043399554626704175 0.00949947333030849 0.013038492806305974
0 0.8586684691852722 0.19047661908465027 0.004083484010766227 0.006877446754974628
1 0.9644013076670062 0.44857705597350245 0.003778816898337425 0.007872535204870133
1 0.4456571734499505 0.6280725888720601 0.006673734710565 0.0074152607895165805
1 0.42694790007332395 0.9904932553980557 0.005704046761166665 0.008365935249711071
