1 0.3784600575764974 0.7495599817346644 0.009124840630425348 0.0131927490234375
1 0.031191084120008677 0.2547497502079717 0.010022025638156467 0.013663228352864583
1 0.03123767375946045 0.17266447985613786 0.010127984152899849 0.013321332578305844
1 0.6820511711968317 0.7995202523690682 0.009283616807725695 0.012622861508969907
1 0.43085808224148214 0.938214111328125 0.009337404039171007 0.012773414894386574
1 0.2620570394727919 0.8013693350332756 0.009381336636013454 0.013344545717592592
1 0.06762353049384223 0.2295742317482277 0.009454154968261718 0.013243385597511575
1 0.20757069057888455 0.5709565621835214 0.008084021674262153 0.01150054931640625
1 0.3408835199144151 0.9275764465332031 0.008870421515570746 0.012849765353732638
0 0.6050592422485351 0.8026551988389756 0.008987723456488714 0.013264860930266204
1 0.56015133327908 0.7533409118652343 0.008980645073784722 0.012979860658998843
1 0.6751927481757269 0.8578522293655959 0.009202194213867188 0.012559339735243057
1 0.28673715591430665 0.9123053091543692 0.009028434753417969 0.012322206850405092
1 0.29357467227511935 0.16290622993751808 0.009807205200195313 0.013139950787579574
1 0.5598724365234375 0.7530708030418114 0.012075636121961806 0.0167022705078125
1 0.2474070872947277 0.16037645251128396 0.01368481705560356 0.011524056467876687
1 0.7551858254105446 0.9207721117833476 0.06698357821953337 0.07394602900220888
1 0.6936041486603284 0.8967636608086045 0.008643042350907706 0.018246422740804746
1 0.6824402189570727 0.8453855757226543 0.01368481705560356 0.011524056467876704
1 0.850259291270527 0.9588975319312396 0.009363295880149707 0.014405070584845987
1 0.6039325842696628 0.15989628349178908 0.010803802938634349 0.01824642274080473
1 0.08174877556900029 0.674925573801978 0.010803802938634392 0.016325746662825366
1 0.4152261596081821 0.5949294151541342 0.01224430999711899 0.014405070584845915
1 0.6864016133679055 0.9913569576490923 0.008643042350907564 0.009603380389897182
1 0.7166522615960819 0.9692691827523287 0.008643042350907421 0.011524056467876562
1 0.20815326995102276 0.8492269278786131 0.010083549409392134 0.013444732545856226
