1 0.4958020428020562 0.06435052518774319 0.027741502623626957 0.031337623334097085
1 0.4891366330651995 0.1697882706871981 0.01040306348386018 0.010788362131410451
1 0.8479996835413776 0.3513923665659409 0.00809127159855791 0.012329556721611965
1 0.8636469184841629 0.8564120373462274 0.008091271598557626 0.009760899071276157
1 0.8671146063121162 0.8361196419085742 0.00809127159855791 0.010274630601343234
1 0.8636469184841629 0.8463942725099176 0.00732067430345694 0.010274630601343376
1 0.9191299237314167 0.7729306637103128 0.008861868893658737 0.010274630601343234
1 0.8245391057577999 0.795534851033268 0.007705972951007567 0.007192241420940349
1 0.828777390880854 0.782691562781589 0.005394181065705368 0.0071922414209402066
1 0.7848533450601114 0.7821778312515218 0.00847657024610811 0.00924716754120908
1 0.8842603961281079 0.7305478124797717 0.007705972951007425 0.010788362131410451
0 0.7736796842811506 0.8887771237404586 0.009247167541208938 0.009760899071276015
0 0.7750282295475769 0.9170323578941526 0.007320674303457224 0.014898214371947915
0 0.7465161296288493 0.9342423641514026 0.008861868893658595 0.010274630601343376
0 0.9458777589368179 0.9324581808969502 0.008498937290597013 0.010972173010082712
0 0.9117471060079132 0.9517943874311123 0.009038552356666401 0.014749478472570132
1 0.515251043053331 0.3626276172858651 0.005899581626125822 0.005768479812211851
1 0.5044351434054337 0.36656067170328227 0.006292887067867597 0.009439330601801217
1 0.5410125494874137 0.3773110204442227 0.006292887067867454 0.007866108834834407
