1 0.17351872856836623 0.12281036333587866 0.00929486951304952 0.012626992546029534
1 0.13791762458442183 0.10153154256386593 0.0061381213765421445 0.00982099420246742
1 0.12213388390188488 0.09100904877550796 0.006839620962432651 0.009820994202467404
1 0.12564138183133752 0.12433027910530818 0.005787371583596883 0.0058458298824210966
1 0.09275858874271893 0.1332159405265882 0.006313496273014767 0.007716495444795832
1 0.09442465025920894 0.12105661437115234 0.0068396209624326685 0.007716495444795832
1 0.06408479316944352 0.1293576928041903 0.008944119720104258 0.008417995030686356
1 0.058487527973622964 0.2676220920172373 0.00719037075537794 0.010054827397764256
1 0.04305453708403129 0.2776769194150016 0.010347118891885318 0.012393159350732716
1 0.3160239478659463 0.597939439490042 0.006516303176785812 0.007136903479336923
1 0.39272362895807755 0.5253381561094522 0.006749028290242478 0.010550205143367606
1 0.8773736777315275 0.5547723418875871 0.005984360060313491 0.009309004538265527
1 0.560867523430499 0.20391152798105477 0.006649288955904069 0.010638862329446325
1 0.8183081792799243 0.6702483267551194 0.005651895612518558 0.009752290468659197
