0 0.31427638795640733 0.13668953930890118 0.006090651618109809 0.008290509824399595
1 0.5715181350708007 0.8026142261646412 0.0053975847032335066 0.0071929931640625
1 0.6097700119018555 0.2732622782389323 0.005971993340386284 0.008207307038483797
1 0.1911068386501736 0.6318787751374422 0.006264877319335937 0.008362833658854167
1 0.67284484439426 0.2682811030635127 0.005685043334960937 0.007620352285879629
1 0.9201810624864366 0.49452429877387155 0.007305145263671875 0.009867463288483796
1 0.5044948154025608 0.4511188789650246 0.006472863091362847 0.00894388269495081
1 0.032563400268554685 0.334647058557581 0.006040334701538086 0.00814361572265625
1 0.15129189491271972 0.7342155456542969 0.006160068511962891 0.008336667661313657
1 0.99463259379069 0.768871420401114 0.006281110975477431 0.00847603126808449
1 0.525968403286404 0.46898419415509257 0.006653976440429687 0.00887134693287037
1 0.825100326722443 0.8683855452560172 0.006569001813241613 0.0062040572680614045
1 0.7694006655143323 0.8514156239051431 0.007390127039896868 0.010948336355402545
1 0.46284091942464545 0.6056254727263545 0.009853502719862278 0.012043169990942886
1 0.6308978824800756 0.3664043233608074 0.006021584995471443 0.008028779993961876
1 0.9170600239694113 0.048537624508951584 0.00629529340435667 0.011678225445762785
1 0.20733411973043694 0.19232577530990588 0.0052004597688162235 0.008028779993961913
