1 0.06203969054751926 0.7186754862467447 0.016467714309692384 0.022063926414207177
1 0.46087017059326174 0.7643922028718171 0.011462190416124132 0.016715720847800927
1 0.015640940931108262 0.364196847986292 0.005979747242397733 0.008049774169921874
1 0.4667967478434245 0.5819426359953703 0.005597008599175347 0.007997866030092593
1 0.10176429218716092 0.19830120934380424 0.005986499786376953 0.008330634788230613
1 0.15340305434332954 0.36984666894983365 0.005489826202392578 0.00792154382776331
1 0.6950876659817166 0.5797486481843172 0.004829703436957465 0.006744384765625
1 0.6849626117282445 0.611756275318287 0.004755528767903646 0.006513468424479166
1 0.4763424979315864 0.585937754313151 0.0056315528021918405 0.007158124005353009
1 0.7973359234604297 0.18408695569386416 0.00779016240672874 0.010667609782187136
1 0.8076503511408544 0.00940434020271763 0.009263976916109726 0.012071242648264419
1 0.6923920409378246 0.61138237266708 0.007820240253858942 0.026067467512863374
1 0.5847911624381606 0.8820212058658279 0.005897410592390671 0.008003628661101629
0 0.3492612045540842 0.34947646482143163 0.0072669555737262925 0.01024827068089607
1 0.33180440009706413 0.25673914472011095 0.006787815645788271 0.008784232012196646
1 0.37602502261300863 0.23318143159649274 0.006588174009147423 0.006920910070215562
0 0.3287099547291312 0.16463780301647346 0.00499104091602085 0.00984898740761441
1 0.30425385424062923 0.07865880483648814 0.004392116006098341 0.003992832732816654
0 0.09020705233350865 0.266909556419858 0.006693728834700927 0.009217593805161961
1 0.30112570966976343 0.5063431506878047 0.006115942495904143 0.00912537451769822
