1 0.020891651180055405 0.5377388565628617 0.006567158963945176 0.009114187735098379
1 0.06679749488830568 0.5367488719798901 0.006742074754503038 0.0091278076171875
1 0.7853531731499567 0.28524874934443717 0.005325826009114584 0.007164764404296875
1 0.03904662397172716 0.5563949584960938 0.006301493114895291 0.008544243706597222
1 0.5341136508517795 0.6265964366771557 0.005504692925347222 0.0072422168872974535
1 0.3736889097425673 0.7387943409107349 0.006239106920030382 0.008547747576678241
1 0.29500596788194444 0.6344340006510417 0.006154717339409722 0.008372441044560185
0 0.21731655332777236 0.8990493774414062 0.006366539001464844 0.008788497359664351
1 0.9632961697048611 0.7546368916829428 0.00621337890625 0.008438618977864583
1 0.06333603858947753 0.4064398447672526 0.006742721133761936 0.00922509652596933
1 0.2776540756225586 0.5627473054108796 0.006812498304578993 0.009893798828125
1 0.3594018936157226 0.4062304744014034 0.006509696112738716 0.00914764404296875
1 0.7645277659098307 0.4672034652144821 0.007290734185112847 0.009603373209635417
1 0.08402187559339735 0.009703352274718108 0.005790901184082031 0.007725831314369484
0 0.08670196533203127 0.13655390562834563 0.006192991468641493 0.008768590291341145
1 0.8760066986083984 0.45360928288212526 0.0072086758083767365 0.009840703893590857
1 0.9696752336290148 0.8370467574508101 0.005879804823133681 0.007658668800636575
1 0.5125336341161395 0.8004860096599178 0.008222464718440676 0.012292169478073163
1 0.9217185378209269 0.4431001937894375 0.011263781139275864 0.013807215590080019
1 0.7551235812932511 0.421057095215801 0.010900433360589545 0.012353824475334747
1 0.21735983189270672 0.4398238349621974 0.008045557956625586 0.009689274098301724
1 0.7325500814741082 0.3159395447053393 0.007007421446093219 0.008997183091280192
1 0.6369117554413173 0.3360101839089644 0.005709750807927847 0.009689274098301724
0 0.8359886034992067 0.1333483276368984 0.008139235955356981 0.011466596566037594
1 0.25690149066639045 0.017404655502021325 0.007459138072294884 0.009653002211205106
