1 0.14154278967115613 0.9380762736002604 0.015432050493028428 0.021778587058738426
1 0.5041350258721246 0.9752756754557292 0.011040878295898438 0.015111626519097223
1 0.6118051528930664 0.7739759939688223 0.009732691446940105 0.014077024106626156
1 0.23688774108886718 0.7060798079879196 0.01213061014811198 0.014554680718315973
0 0.8940314398871527 0.8997383117675782 0.008912489149305555 0.012433143898292824
1 0.7474992116292318 0.8280958952727141 0.004175737169053819 0.0058138246889467594
1 0.8291135999891494 0.5538862440321181 0.005316162109375 0.007390227141203703
1 0.17802872657775878 0.4888627794053819 0.005573219723171657 0.0071345576533564815
1 0.3360356436835395 0.34589436848958327 0.005720901489257813 0.007895293059172455
0 0.5464768303765191 0.9802869443540219 0.006308661566840278 0.008393351236979167
1 0.058453287018669975 0.9317572134512443 0.005410644743177626 0.0075439453125
1 0.20714641147189672 0.6516539397063079 0.0058231353759765625 0.007578531901041668
1 0.16126656532287598 0.48854110152633107 0.006173653072781033 0.008480947989004629
1 0.5023003472222222 0.7091668023003471 0.005883958604600694 0.008149097583912038
1 0.2200068190618155 0.8494449233611708 0.015327670897563657 0.015692615442743828
1 0.47511633463504 0.7253337443179049 0.005847764023628272 0.007797018698170888
1 0.5248223288358801 0.8151689597533531 0.005085012194459324 0.009153021950026811
1 0.522257338778105 0.6657656099520861 0.005786313375579511 0.009037670415190888
1 0.6595760391339838 0.191127893451203 0.006449960568396165 0.010238032648247852
0 0.8216274668170194 0.49506869222411737 0.007838089970375677 0.013138131759868017
1 0.8641094289789814 0.4282689703541391 0.007038284871357945 0.009384379828477023
1 0.8754666613850361 0.4169650582880189 0.010557427307036847 0.011517193425858281
1 0.9424903286827394 0.4082205225387561 0.006398440792143561 0.01194375614533456
1 0.12061726734025825 0.36776656809318736 0.005440660514409732 0.009814524849523564
