0 0.02659432358211941 0.5860699971516927 0.006331014633178711 0.00876594826027199
0 0.23482577006022137 0.978993507667824 0.006037521362304688 0.008428050853587964
1 0.8779502868652344 0.1788442329124168 0.00587039523654514 0.007924214115849247
0 0.541583145989312 0.6053036159939237 0.014485549926757813 0.02006022135416667
0 0.3820083830091688 0.8690928706416378 0.006516393025716146 0.008715029116030093
0 0.038653981685638425 0.45117848714192704 0.006127773390875922 0.008258056640625
1 0.9453759935167101 0.36359754491735385 0.00545162624782986 0.007324981689453125
1 0.0352208137512207 0.9441523234049478 0.005082464218139649 0.006922743055555556
0 0.46699572669135203 0.6820933024088542 0.005665376451280382 0.008073933919270833
0 0.2030949592590332 0.8897750854492188 0.024286418490939668 0.035661598488136576
0 0.192882506052653 0.7399395130298757 0.006364080641004775 0.008597197356047455
1 0.9908295525444879 0.7184309782805265 0.015527004665798611 0.021821311668113425
1 0.1593009312947591 0.1939229965209961 0.004932212829589844 0.006649907430013021
0 0.5763145446777344 0.3844922101056134 0.005643378363715278 0.0077991626880787035
0 0.005314706762631734 0.7009633382161458 0.006319614913728502 0.009186808268229167
0 0.42439746856689453 0.40443895128038193 0.006406614515516493 0.008282922815393518
0 0.15737856229146321 0.5292918735080295 0.00598247316148546 0.008167125560619213
0 0.1455189380965865 0.8190737632355446 0.007288093727708844 0.00863774071432175
1 0.3981875817203384 0.6675548645439836 0.007161141433617288 0.004072021599507991
1 0.09051222355674987 0.6820905554970529 0.0035216784703442803 0.006260761725056625
0 0.5800825683875676 0.27772724289699163 0.004944025981313942 0.0067528159744776415
0 0.09001092762810234 0.22658750848247627 0.007520913064037007 0.00938780637780507
0 0.2210554082955555 0.1077464141088988 0.008229570525997936 0.010058363976219677
0 0.33695519320335954 0.12938713660318965 0.006857975438331607 0.011277559609700883
1 0.5791836512029847 0.09167497628653912 0.004081985310445546 0.009071078467656956
0 0.23188612210394738 0.27183416876078614 0.0045955118150370925 0.009304493057606073
