1 0.5264000574747721 0.7059006585015192 0.015479660034179688 0.026827381275318286
1 0.5157603157891167 0.5886093139648437 0.005969450208875868 0.008282696759259259
1 0.5609896130032009 0.8962430318196614 0.0064830780029296875 0.00894927978515625
1 0.8094682905409072 0.7136353669343173 0.007093048095703125 0.010219093605324074
1 0.4907698101467557 0.06771244826140227 0.006009546915690104 0.008130709330240885
1 0.8723474290635851 0.861449178059896 0.005326504177517361 0.0072285970052083336
1 0.04056723117828369 0.22236564777515555 0.005928431616889106 0.008177340472186054
1 0.8476469675699869 0.5130490055790654 0.006919097900390625 0.009088304307725694
1 0.5073345184326172 0.5737383242006655 0.006165313720703125 0.008344523111979167
1 0.5031968579364081 0.5575057166104753 0.007313242655378431 0.011095954373677728
1 0.518327704809605 0.5581781986937285 0.01840919702905609 0.02051070353922249
1 0.5248844051213236 0.6010489315011196 0.007313242655378574 0.008742267082291519
1 0.5250104955119337 0.6207190324362756 0.012104677498557663 0.013785882706690344
1 0.479744045282953 0.6274438532688076 0.006304519530498709 0.00840602604066504
1 0.8757058627216828 0.9937688019933398 0.0102369681537985 0.012462396013320215
