1 0.3584419674343533 0.4635461454038267 0.007882859971788194 0.01142767447012442
1 0.9957427130805122 0.5366462990089699 0.005993821885850694 0.008837890625
1 0.8785543229844834 0.8192605195222079 0.005544281005859375 0.007681783040364583
1 0.39227375454372826 0.53008462411386 0.00829010009765625 0.01130088523582176
1 0.7600156572129991 0.7792547155309607 0.005920494927300347 0.007970061125578704
1 0.9675628662109375 0.5566241511592158 0.006357150607638889 0.008767304597077545
1 0.9272136688232423 0.7375596505624277 0.005563100179036457 0.007413228352864582
1 0.4109435611300998 0.6616193135579427 0.005988989935980903 0.008296542697482638
0 0.42931389278835724 0.8556311148184317 0.005763456556532118 0.00775429054542824
1 0.877116945054796 0.5655319213867187 0.006667327880859375 0.009391276041666667
1 0.9494062635633681 0.5377960770218461 0.0073116726345486115 0.009991115993923612
1 0.9923007965087891 0.4063082377115885 0.006264495849609375 0.008709999367042824
1 0.0849277204937405 0.6344171594690394 0.0058843347761366105 0.008279079861111111
1 0.9262539757622612 0.41749236495406544 0.006956736246744793 0.009124247233072917
1 0.19040022956000435 0.4505626678466797 0.007918760511610242 0.010506043610749421
1 0.7131927278306749 0.026112667719523114 0.006272082858615451 0.00848403153596101
1 0.5436259411791612 0.8380340787046184 0.008008894206273424 0.00901742162484112
1 0.19568700140224723 0.8240040893303925 0.007737127599346394 0.012322092102662907
1 0.21146840719543572 0.9507600208958595 0.009083694467157883 0.00920481039338668
1 0.8008098605989548 0.6984754441810012 0.009214229383423032 0.012285639177897423
1 0.04107699972684873 0.6151968416577859 0.0068616207218663745 0.008901562017556444
1 0.07983588434495882 0.6245929348985397 0.00945790964365365 0.011374218133544218
1 0.30386285146154496 0.5690472612252758 0.006149885976756479 0.008039066636282897
1 0.20722807018182288 0.30947863840995693 0.00739289752252148 0.00955849376649244
0 0.9679426533712836 0.09994803920354972 0.0102564168724642 0.011693306192761153
