1 0.03406040044345304 0.633456663149318 0.015026647254464573 0.01536057274900827
1 0.20361107029799505 0.6241067493020956 0.010518653078125197 0.014024870770833643
1 0.2171350528270132 0.6391333965565602 0.007513323627232325 0.01068561582539708
1 0.22439793233333774 0.6488172358983263 0.010017764836309695 0.01135346681448425
1 0.21988993815699837 0.6651795851309654 0.008014211869047827 0.008014211869047756
1 0.20861995271614991 0.6691866910654894 0.008515100110863259 0.016028423738095654
1 0.6999913179371418 0.618763941389397 0.011520429561756203 0.015360572749008199
1 0.4197209718567595 0.4958793593973312 0.014525759012649147 0.019367678683532147
1 0.7395381142559474 0.49688113588096217 0.011019541319940629 0.018699827694444764
1 0.7678382999185223 0.5018900182991171 0.01152042956175606 0.012689168792659017
1 0.7207548051878666 0.47550990423016803 0.010518653078125197 0.009349913847222382
1 0.9053321222968731 0.575019701604178 0.1662948962827413 0.16295564133730486
0 0.07580579900029541 0.9098215795804881 0.006155658866189393 0.009119494616576844
0 0.09928849763798091 0.8859589020004452 0.005243709404531689 0.008815511462690892
0 0.1815919365525874 0.9314043835063868 0.014363204021108623 0.024926618618643488
0 0.2596776092070269 0.8661999969978621 0.01869496396398258 0.02340670284921387
0 0.3036791707320105 0.8842869946540728 0.007751570424090382 0.013375258770979457
0 0.093930794550742 0.9411318444307355 0.005927671500774973 0.008511528308805083
0 0.06292451285438055 0.9827775365131032 0.006383646231603839 0.009727460924348605
0 0.052323100362609926 0.9472115075084534 0.009803456712820164 0.012159326155435935
0 0.07010611486493484 0.9382440044688195 0.00843553252033364 0.010639410386006319
0 0.1705345493299879 0.906933739618572 0.009575469347405772 0.01732703977149612
1 0.7005375002715004 0.3003240014120102 0.01724493090713679 0.02299324120951585
1 0.11942219742626607 0.3825267673558912 0.0041508851236126175 0.006364690522872607
1 0.028093245838694228 0.3165378175817709 0.008026641668198354 0.013995170088140725
