0 0.9402874705872051 0.4049342692272333 0.023885011765117953 0.03666071573250669
0 0.7944778057420081 0.44733479398856685 0.005554653898864643 0.009628066758032006
0 0.1474228995838294 0.23839668889966256 0.01512029739321326 0.014112277566999011
0 0.2581790779891166 0.10659809662215355 0.005292104087624701 0.007560148696606621
1 0.06463927135598674 0.7994040545833707 0.020412401480837915 0.027216535307783687
1 0.6564099105828711 0.9092782156407202 0.012474245349400946 0.02217643617671271
1 0.6386435611458455 0.9435508897320036 0.004914096652794342 0.007056138783499506
1 0.4571848914282713 0.5471599161094798 0.003968494289177471 0.0064861412038168705
0 0.9861771949742115 0.09197978671365746 0.004392293185764373 0.006200884497549932
1 0.8719344244918156 0.8186561038114959 0.01549666021974474 0.028575401823643033
