0 0.5146682315402561 0.05570120811462402 0.013004302978515625 0.01838695031625253
1 0.4594245910644531 0.6700511791087963 0.008537122938368056 0.012176739728009261
1 0.7802024841308594 0.339459553471318 0.010139295789930556 0.013643533212167245
1 0.5090060340033637 0.5373261628327546 0.009534623887803819 0.013530250831886574
1 0.7108485751681858 0.28941945676450376 0.009551154242621528 0.012631536413122106
1 0.09713524182637533 0.8529937744140625 0.008558559417724609 0.012144187644675926
1 0.6039791954888237 0.3610782623291016 0.00894258287217882 0.01251104849356192
0 0.5428549872504341 0.0617312713905617 0.009445020887586806 0.013406393263075087
1 0.3763417773776584 0.46055379796911167 0.007837634616427952 0.011158865469473377
1 0.3177224689059787 0.5522686145923755 0.007115554809570312 0.010293861671730324
1 0.6230103386773004 0.49111915870949074 0.009771558973524306 0.012780309606481481
1 0.03858410782284207 0.8704865632233795 0.007787370681762695 0.011735026041666667
1 0.7787399291992186 0.9829386393229167 0.008677503797743055 0.012192563657407406
1 0.25102661980523 0.056897083918253585 0.0072540283203125 0.010250109213369864
1 0.5081383811102973 0.5374469615794993 0.013222715589735243 0.016964439109519676
1 0.9712944030761718 0.328474270855939 0.008661905924479166 0.012945867467809607
1 0.24183897347250846 0.020314843132474936 0.0869844646854154 0.04062968626494987
1 0.16067194113866543 0.0975112470358797 0.00886465882144364 0.008864658821443605
1 0.6321609822041974 0.4731511645945526 0.009972741174124024 0.009603380389897182
0 0.7634687409968308 0.2507959724900088 0.0088646588214435 0.014035709800619038
1 0.17646211466436185 0.8264004314133959 0.009418699997783869 0.008864658821443357
1 0.08421425880371426 0.7591767686841152 0.00997274117412405 0.011819545095258234
1 0.06870110586618797 0.7499427490784448 0.008864658821443614 0.012558266663711777
1 0.4058351616692152 0.6967547961497832 0.010526782350464288 0.012558266663711777
