1 0.4588692559136285 0.0799224994800709 0.009425523546006944 0.013229850486472801
0 0.5099214553833007 0.9525287769458912 0.012231996324327256 0.018470820674189814
1 0.9268251630995009 0.5642638029875578 0.008249494764539931 0.011444091796875
1 0.6255105124579535 0.7390501799406829 0.010571840074327257 0.013627115885416667
0 0.8169534471299913 0.31481256838198063 0.008314853244357639 0.011199640344690393
1 0.2978020668029785 0.8172156157316985 0.008027924431694878 0.010925575538917825
1 0.5100423812866212 0.7842089335123699 0.007942411634657118 0.011365028663917824
1 0.2643788443671332 0.8194150288899739 0.007957077026367188 0.011323321307146993
1 0.23880603578355575 0.9265336213288484 0.00652531517876519 0.009193137839988427
0 0.8293553176872105 0.26963337248557645 0.00886465882144364 0.013296988232165461
0 0.8080247323981118 0.1883739999556767 0.011634864703144671 0.011819545095258163
1 0.2426700352370188 0.8670301176783457 0.12410522350021051 0.14922175682763408
1 0.24765640582408083 0.9512443764820602 0.009972741174124096 0.013296988232165177
0 0.5388050439908693 0.954797627226322 0.008310617645103307 0.01108082352680441
1 0.44384927090148196 0.8533851435049696 0.01016288548316389 0.013550513977551758
