0 0.6705098173841583 0.5161775647027151 0.004269851178606956 0.008539702357213984
0 0.863600410648438 0.48883414864097674 0.006316347897347612 0.007773966642889363
0 0.8624510649005082 0.34919417154722154 0.005526519713818913 0.007368692951758433
0 0.9080448525395138 0.3473519983092818 0.005833548586808774 0.011053039427637756
0 0.7351806363744038 0.20959837729446357 0.005833548586808774 0.006549949290451948
0 0.05403708164622888 0.1082788492077844 0.0061405774597987324 0.008596808443718231
0 0.6100663706310046 0.07020726895703219 0.006140577459798849 0.007778064782411719
1 0.6782267804347706 0.009006180274371481 0.0067546352057784986 0.007368692951758484
1 0.6684018564990925 0.017193616887436463 0.005526519713818913 0.004912461967838988
1 0.383786091237421 0.015351443649496841 0.00491246196783905 0.006959321121105235
1 0.40466405460073673 0.023538880262561825 0.0061405774597987775 0.007778064782411733
