1 0.5654767990112305 0.32255993595829713 0.008805635240342882 0.012741851806640624
1 0.03946707248687744 0.41274703696922027 0.007894229888916016 0.011066436767578125
1 0.2026266098022461 0.7230235912181712 0.00796661376953125 0.011713663736979164
1 0.2983775668674045 0.7273954885977286 0.008476214938693577 0.011375653302228011
1 0.5795528835720486 0.2607024298773872 0.007780626085069444 0.011433184588396992
1 0.4504692993430405 0.8800637707017799 0.01138626980961874 0.013283981444555053
1 0.341943915220112 0.6779574815810478 0.007828060494112847 0.012335125627086824
1 0.1932107658319676 0.6947996723411088 0.007116418631011712 0.01375840935328938
1 0.11101613064378249 0.7678615702861623 0.01138626980961872 0.014707265170757608
1 0.2634853998132082 0.7348888306291415 0.009607165151865828 0.01138626980961874
1 0.2967546569131877 0.737735398081546 0.007116418631011641 0.008539702357213913
1 0.9023354139068087 0.8052269360292189 0.009453037669499906 0.015468607095545223
1 0.7212238058297993 0.6949414965517201 0.008163987078204543 0.014895695721636458
1 0.8724724085417978 0.600411119856721 0.010742088260795271 0.019478986712908933
1 0.8701091491244227 0.5399689699093126 0.007734303547772612 0.01776025259118164
1 0.5605717443171971 0.37686236090327285 0.010860133186738069 0.015739323459040763
1 0.6063731755830059 0.3841024496944316 0.00991577377919583 0.016368896397402397
0 0.49942447267882356 0.46468778580472053 0.007554875260339457 0.0113323128905094
1 0.44435742276439627 0.06256986433563295 0.009806809232171573 0.016950040648197787
