0 0.39143693618486664 0.5217491972669941 0.0072906494140625 0.010430343062789352
1 0.033423646291097 0.4712295249656395 0.009240002102322049 0.013384388111255786
1 0.2822878413730197 0.9485796327944155 0.007874446445041233 0.01097423412181713
0 0.8956834602017948 0.5735100341087872 0.00910542852128437 0.012140571361714349
0 0.6325015999066587 0.596106150533312 0.0057389119458640895 0.009246024801669962
1 0.35205910260706774 0.9828037138000508 0.009760054329700906 0.012083876789153578
0 0.5746488220562607 0.7707566596217282 0.008884892425763269 0.01480815404293864
0 0.6451834868071035 0.027662057772084567 0.008389312603009244 0.012395020422464124
0 0.6818017026283465 0.014360084635781603 0.008162574424549547 0.008767209567108768
0 0.5088004724635883 0.06741681839535364 0.008162574424549618 0.010278797423506836
0 0.4890974558567362 0.13143645558240957 0.00578624918655791 0.007406398958794149
0 0.4894446308079297 0.12310425675376616 0.0050918992841709355 0.006171999132328452
0 0.36490462112072364 0.0725872557598655 0.008906989595416021 0.013514053179251811
0 0.8789903970047388 0.05311054256181743 0.007703189368530872 0.007227683851954865
0 0.8340551256883089 0.05330074476844782 0.006276672818802922 0.009890514744780336
0 0.7941126622959266 0.15467852090244638 0.007988492678476433 0.009510110331519552
0 0.7508892108391703 0.1520156900096209 0.007703189368530872 0.01027091915804112
0 0.7147983421310535 0.10465534055865348 0.006847279438694045 0.010651323571301906
0 0.7100908375169513 0.06300105730659779 0.0071325827486397484 0.007988492678476442
0 0.4798638791233838 0.5806537515848971 0.006360509636233189 0.008127317868520122
0 0.418511463257218 0.5914312818018477 0.0060954884013901985 0.00848067951497768
0 0.12949095145211673 0.6170954242886408 0.008341364301890586 0.008793996473310911
