0 0.6204102993596011 0.4737824698552781 0.005495208576745299 0.006960597530543993
0 0.7904870048098667 0.5574928138410308 0.015386584014886608 0.022713528783880433
1 0.005480408053468425 0.5949718699196187 0.01096081610693685 0.017659092616731584
1 0.09202518523115731 0.5349918484455476 0.013244319462548705 0.015832289932242033
1 0.184507071133437 0.588273593409824 0.010960816106936874 0.017659092616731726
1 0.15763522592498813 0.07740560873614688 0.005833197787532587 0.006666511757180107
1 0.23374456848612774 0.06388740433964275 0.004722112494669198 0.005555426464316753
1 0.12249715353818459 0.259068054119305 0.008333139696475146 0.009999767635770205
1 0.18291241633762936 0.24147587031563522 0.009166453666122613 0.008147958814331275
1 0.0070831687420038715 0.25258672324426873 0.0041665698482375715 0.0044443411714533455
1 0.12805258000250136 0.313881595233897 0.007777597050043497 0.01296266175007247
1 0.25166081883354935 0.7761163134880344 0.002777713232158412 0.004814702935741195
1 0.8126117457237823 0.9725967504684587 0.0063238268149707726 0.007963337470704204
