1 0.22938398785061306 0.7547537909613715 0.008040512932671441 0.010859171549479164
1 0.37712440490722654 0.21343508119936344 0.00704591539171007 0.009982751916956018
1 0.695503044128418 0.7566379970974393 0.006647194756401909 0.009140523274739583
1 0.6755262798733181 0.538996152524595 0.007121064927842881 0.009454345703125
1 0.5858609517415364 0.4111391703287761 0.0067901611328125 0.00894001148365162
1 0.1361465719011095 0.049047002085932975 0.006347179412841797 0.008770642457184967
1 0.33414578967624237 0.3773394549334491 0.005111418830023872 0.006952921549479168
1 0.7569107903374567 0.7733146102340133 0.006463962131076389 0.008623532895688657
1 0.9693511025414159 0.6160660470144685 0.006982112897776744 0.009674561662279046
1 0.950492048415096 0.7676932984010708 0.00763030335241254 0.011142665213047138
1 0.49088192758227406 0.8812511069195031 0.005989249099225091 0.008395186771563345
1 0.4893133147229534 0.840547614262255 0.006581592416730757 0.008190426118598139
1 0.257669343115009 0.6167683382523019 0.006800978830621815 0.010238032648247852
1 0.8873958800321364 0.37922901353912436 0.007426501602169395 0.009902002136225718
