1 0.3663910335964627 0.4709483676486545 0.009677717420789931 0.01380473949291088
1 0.8576647016737197 0.08690115610758463 0.008826785617404513 0.012752208003291377
1 0.9235590193006727 0.43630205790201826 0.008669281005859375 0.012170777497468173
1 0.9115598466661241 0.6163482100875289 0.008272552490234375 0.011308797200520833
1 0.5227600097656251 0.9593487209743923 0.0078216552734375 0.011250248661747685
1 0.8931830512152779 0.06712592442830403 0.008104451497395833 0.011196157667371961
1 0.9117031945122612 0.6166321365921585 0.010249922010633681 0.013799257631655093
1 0.9144346449110243 0.10301278432210287 0.00824008517795139 0.01222368876139323
1 0.98326170179579 0.6108377527307581 0.007582431369357639 0.011513378002025463
1 0.5331763797336154 0.6980620207609953 0.006463368733723957 0.00964378074363426
1 0.9239133622911241 0.4360807489465784 0.010796356201171874 0.014593364574291088
1 0.7932328542073569 0.23340336834942854 0.008635711669921876 0.011956984908492476
1 0.5306894726223416 0.7411710103352864 0.008344056871202257 0.011572887279369212
1 0.9574474334716797 0.7234337983308015 0.007959408230251735 0.01119842529296875
1 0.9011745452880859 0.48032752143012153 0.007619306776258681 0.011333211263020832
1 0.8680658128526475 0.19635863127531827 0.00935177273220486 0.012795003255208333
0 0.8882315317789713 0.6460008691858363 0.006705305311414931 0.009766020598234953
1 0.36665392981635203 0.47098483332881214 0.012753507826063368 0.01709428010163484
0 0.6536397426952402 0.7779053655188686 0.009925689552974858 0.011630100890354243
0 0.8811925038356034 0.8524921243767184 0.009882721199931695 0.011458227478181727
1 0.9120859247896849 0.20188515414442454 0.009254722193915939 0.016305939103566303
1 0.8092924032786892 0.06808831328381049 0.010246299571835493 0.013661732762447407
1 0.8264797444959617 0.08814021137062847 0.006279990060157274 0.01145822747818169
1 0.8226786978806035 0.0033052579263985675 0.007271567438076687 0.006610515852797135
1 0.7840266798726887 0.17519636519650406 0.006984906860521107 0.006332982220205778
1 0.34186129863064524 0.753039482486652 0.006785338093077584 0.01277240111638136
