1 0.645929097652206 0.041643459504121266 0.03201340949379322 0.038520200041312166
1 0.7929174961206591 0.3098533658728523 0.026938112866728547 0.03721884193180834
1 0.7589520494626103 0.2797919935433148 0.010150593254129632 0.013013581095037913
1 0.8841213689669118 0.18907443959544054 0.021918621528299268 0.026302345833959073
1 0.8860104602325666 0.5217960325039951 0.02929124876963627 0.035601154967176855
1 0.3705699828087054 0.960947821692646 0.006142834202858438 0.009594521993035983
1 0.10814363869127398 0.9068452555733666 0.004683928300004236 0.007714705435301141
1 0.02879238278532007 0.8548628356164569 0.005786029076475807 0.005877870807848354
1 0.977746783835954 0.5663333137075318 0.01946410319514172 0.024221995087287455
0 0.17903982430871476 0.0908583379021445 0.013387538737365503 0.026250075955618603
