1 0.8551535712348091 0.9479736610695167 0.010008409288194443 0.013463620786313657
1 0.09324513541327581 0.6729258219401042 0.009979417588975694 0.013150815610532407
1 0.026287006669574318 0.6059713858145255 0.008557432227664523 0.012068684895833333
1 0.1420973777770996 0.4011403401692708 0.009013854132758247 0.01265891746238426
1 0.7295658111572265 0.9535887259024161 0.008932071261935765 0.012698307743778937
1 0.25601968765258787 0.09227194962678131 0.00900393591986762 0.01230605090105975
1 0.56810302734375 0.47476518419053826 0.009211391872829862 0.012949512622974536
1 0.5028085708618164 0.4645653053566261 0.009543482462565105 0.01322089301215278
1 0.49083615894333266 0.264462321506401 0.007756576468763257 0.008864658821443605
1 0.4808634177692086 0.2655704038590814 0.009972741174124024 0.011080823526804515
