1 0.13172241421645745 0.8438612613937715 0.007447203630612425 0.009619304689541223
1 0.1291624379684344 0.8171754483840769 0.0065163031767858474 0.007757503781887891
1 0.12578792382331316 0.8074009936188983 0.006749028290242514 0.009309004538265669
1 0.1250897484829432 0.7776121790964484 0.008610829197895652 0.014273806958673703
1 0.09948998600271299 0.7408416111702995 0.0053526776095026915 0.009619304689541081
1 0.11787526996578744 0.8111245954342047 0.006749028290242514 0.013653206656122591
1 0.10658810196314046 0.8261741527710672 0.011170805445918646 0.008378104084439002
1 0.06539575688131544 0.8522393654782107 0.007447203630612425 0.0077575037818881755
0 0.016407120498693018 0.9338483052636718 0.004887227382589407 0.008378104084439002
0 0.4676423001954433 0.9896180407180818 0.006744840868203496 0.010491974683872059
1 0.752127098093521 0.87102125545217 0.007868981012904043 0.010866688065438978
1 0.8366413026934103 0.24506255154472753 0.00393449050645188 0.005995414105069763
1 0.8419809683807381 0.24618669168942808 0.00393449050645188 0.0052459873419360295
1 0.8438076961158764 0.24094070434749207 0.004215525542627176 0.0074942676313372305
1 0.8728948223600042 0.22557745570325075 0.005620700723502807 0.0074942676313372305
1 0.8827310486261343 0.22894987613735246 0.006182770795853259 0.005995414105069763
1 0.8855413989878858 0.20084637251983786 0.00562070072350295 0.006744840868203496
1 0.8727543048419164 0.20534293309864018 0.004777595614977628 0.006744840868203532
1 0.8492878793212918 0.2193946849073975 0.004496560578802473 0.007119554249770382
1 0.8780939705292442 0.28459481330003145 0.004777595614977628 0.007119554249770382
1 0.877250865420719 0.30932589648344433 0.006463805832028413 0.008618407776037848
1 0.8641827362385746 0.31738223418713185 0.004496560578802331 0.0059954141050697985
1 0.7863360312180592 0.22295446203228267 0.0039344905064520215 0.006744840868203532
1 0.833128364741221 0.14801178571891035 0.005339665687327795 0.008993121157604679
1 0.7801532604222058 0.09798754927973434 0.006182770795853259 0.007119554249770363
1 0.8335499172954836 0.08056337703687527 0.006744840868203425 0.008243694394470955
1 0.9698519098404296 0.2774752590502611 0.0061827707958534 0.007119554249770346
1 0.9879786696737264 0.2677327111295227 0.004777595614977343 0.007868981012904043
1 0.919687155883166 0.3432374575152453 0.005901735759678104 0.008993121157604662
1 0.7259134984404025 0.413121503177465 0.004496560578802331 0.006370127486636576
