1 0.8342689514160158 0.12780836599844472 0.005922105577256944 0.007838722511574074
1 0.5954397625393337 0.3605826059977214 0.005622312757703993 0.007670734546802662
1 0.119921875 0.5112423366970487 0.0068604999118381076 0.008971037688078705
1 0.38283515506320526 0.5762800711172599 0.0061884986029730905 0.00833892822265625
1 0.9084049224853515 0.8638390717683015 0.005688900417751736 0.007718630190248843
1 0.7549711015489367 0.7182543436686197 0.006790924072265625 0.009508768717447916
1 0.03320211172103882 0.8024602819372108 0.0051374249988132056 0.006944444444444444
1 0.26799318525526256 0.7983544526276765 0.006406402587890625 0.008701861346209492
1 0.8048170301649306 0.915386199951172 0.00682525634765625 0.009289946379484954
1 0.6309347151069545 0.8592510039496372 0.004943164855137922 0.008883368725175415
1 0.4366260473427366 0.8255555757060589 0.006581592416730686 0.010350538501525222
1 0.4344333162984914 0.1660264949080065 0.006268183254029296 0.007393241786803806
1 0.3859754380654188 0.21135028151406446 0.005303847368794052 0.007393241786803735
1 0.395739338903426 0.22533315184997593 0.008437938995808594 0.010286249442509571
