1 0.9539605034722222 0.9722821270978008 0.018245273166232638 0.02277605975115741
0 0.5387015872531468 0.7786242167154946 0.006078338623046875 0.00803352638527199
1 0.37718613942464196 0.8481433161982784 0.007461590237087674 0.009892612033420138
1 0.7324689653184678 0.49415370799877023 0.005472903781467014 0.006984399866174769
1 0.17152781486511226 0.5057233457212095 0.005272346072726779 0.007242499457465278
0 0.9259145948621962 0.15715516408284505 0.006471591525607639 0.008527190596969039
1 0.3749426947699653 0.8510419209798178 0.009287516276041666 0.013104530617042824
1 0.5788208855523004 0.2277419125592267 0.004995557996961806 0.006768219559280962
0 0.11151078012254503 0.4265033721923828 0.0062424659729003905 0.009136765091507524
0 0.4972714530097114 0.4747778715910735 0.020077726576063368 0.02306139910662616
0 0.9006292555067275 0.10502990086873373 0.006270175509982639 0.008301579510724104
1 0.17619772963146496 0.5600697889533232 0.006447606332788673 0.009415552105024715
1 0.2065935880574687 0.5420574284045802 0.007061664078768537 0.012690526750250725
1 0.1241563356596707 0.5580229298000569 0.006754635205778623 0.01350927041155721
0 0.8570200537456586 0.4874466171553506 0.005969284935560921 0.01003531960181249
1 0.8798590569773698 0.524127440527493 0.005450216680294773 0.008651137587769498
1 0.8869962454872797 0.5338167146257947 0.005709750807927776 0.008651137587769355
0 0.8551649505510074 0.09723878648652833 0.005709750807927918 0.00899718309128021
1 0.9512042763328941 0.1674387712408395 0.004488983545770253 0.006300327783537157
1 0.21288252359540663 0.04631306289162561 0.006246354776391776 0.008666113833912937
0 0.2113696609848185 0.10320186238509774 0.005376652743651995 0.0098571966966953
