1 0.9543117384186687 0.84139789613995 0.01636776285132683 0.02324696752797152
1 0.3835749642115304 0.8814870544279825 0.006404776767910576 0.007590846539745684
1 0.4572298970425016 0.8772172032493754 0.00569313490480937 0.0066419907222775975
1 0.3803725758275753 0.8774544172037424 0.004269851178607098 0.005218706996075184
1 0.7530169998767613 0.7451426998733506 0.006116959854184359 0.00881723942945456
1 0.9260113788624668 0.6117099603329775 0.005170718388997386 0.008384948738914915
1 0.9934165530911823 0.5737798517149887 0.003894433382680802 0.0061816402899697205
1 0.03681166792676963 0.44866345224600174 0.0057489254696718286 0.007665233959562414
1 0.3388157042932399 0.2778029146312389 0.005563476260972778 0.007665233959562414
0 0.14557762882878675 0.1890345600672738 0.007047069930565488 0.008654296405957638
0 0.003523534965282736 0.04252968519499162 0.007047069930565472 0.011374218133544273
