1 0.47255699320546696 0.6721582097143408 0.01392170864005216 0.018562278186736024
1 0.5444231107797901 0.6826935567932992 0.034992402797968794 0.04464980428701381
0 0.7886174055742177 0.7301026186486118 0.02821967967578132 0.036121189985000225
1 0.2151598415680253 0.4984764313760913 0.004611674205918668 0.005881555508997707
1 0.9468236076619163 0.7989686809005596 0.020635614937166907 0.03174709990333341
1 0.8178510143046239 0.7629886343434484 0.00873045247341679 0.013757076624777795
1 0.7589204601090611 0.7037273811905592 0.00674625872945839 0.009524129971000122
0 0.3288247580568208 0.6972423694261464 0.019189382179531266 0.02458247651756949
0 0.23795738950080506 0.7105369740734033 0.03311109081958339 0.04816158664666702
1 0.06489251047777815 0.3948103472274596 0.004947816048159046 0.00913442962737051
