1 0.8739354827357877 0.5204962472943008 0.0015154451905310395 0.002571664565749714
1 0.8312719333391635 0.5268531565436012 0.0015734848212302665 0.002284466851563707
1 0.8320930203626937 0.5078313940756805 0.0019162851203860499 0.0032591935905782066
1 0.9088408605511566 0.548480665049548 0.0013198540079477324 0.0015816912032994852
1 0.8226673104368022 0.43954165017331936 0.0019140878758472013 0.0024759345657723486
1 0.8567122506945224 0.4266534907105603 0.0017492204034597633 0.0019475856038531194
1 0.859768116449298 0.34801831794836174 0.0022335470602273234 0.0025630867904246914
1 0.9286909195375435 0.33434237925291993 0.0019763971323408236 0.00220155629931773
1 0.8923936950977833 0.33614956900128445 0.0017232638021202717 0.002147369223826061
1 0.8511285413733003 0.32433522280663374 0.0020137285576272744 0.002347515987033404
1 0.8006727908733083 0.3035797124362121 0.0015894039735100307 0.0027373068432671134
1 0.8637414234875596 0.29535266869418403 0.0022642973487974416 0.002325494574440725
1 0.817774938899269 0.2814903532205895 0.0016105673012434326 0.0024540212816400193
1 0.8997660742961827 0.28727918049148715 0.0015704824976336565 0.0020561337117627507
1 0.96808817413035 0.3364496413934673 0.0015137180700095566 0.0020879813410880203
1 0.9682636304061765 0.30003750111198024 0.0019857678293651302 0.002668703855337284
1 0.8552973810915546 0.058830427219867365 0.0017517965748935183 0.0018548434322401962
1 0.8370444485776661 0.07137031478902191 0.0017502365184485314 0.002093976663513093
1 0.7982762560271371 0.056121489089441104 0.0015921691270497718 0.002186578934481558
1 0.7870129101849017 0.0017856814361493273 0.0011752114612151392 0.0020826749112924747
1 0.9325009472692298 0.989227870993967 0.0011352885525070632 0.0012992746767579888
1 0.22698111848553396 0.5173449482152515 0.001562912233995064 0.0018447488663549194
1 0.25211626867136927 0.5051935310148798 0.0012692313880942052 0.0021032977288418663
1 0.37613833258934315 0.5173871126597124 0.0017109362571158027 0.002002731926052874
1 0.5537226994266898 0.507790282127851 0.0014467726855344728 0.002093208430006898
