0 0.9370075955997899 0.6530994385849255 0.006400286925042857 0.006768093806876773
1 0.9547934273125779 0.6520069813977326 0.0014678625727873396 0.0016434084784388858
1 0.9481376229749003 0.6514093783146641 0.0016695536133232735 0.002629453565502189
1 0.9527767897703697 0.6493073977984003 0.001278216704289008 0.0019300225733634591
1 0.9498313886063133 0.6497139847184908 0.0010665914221219452 0.001444695259593658
1 0.9515423334766431 0.6481911922965975 0.0015998871331827048 0.0022911963882613997
0 0.2527802735703171 0.7575029368719615 0.003250667805298342 0.003718368892566417
1 0.337411020303893 0.8417174939695837 0.0008715872079483942 0.002084973320974655
1 0.33935617171159044 0.8382782673350181 0.0011285572246030994 0.0027945226513985235
1 0.12792188586416622 0.5726753772150646 0.0015124866241490232 0.0018822055767186898
1 0.300630220606921 0.09936692498885101 0.0014170067558987398 0.00174400831495225
1 0.10078031240401966 0.12556635187222323 0.0010349694396369102 0.001317233832265199
1 0.7721089514821782 0.4424145143582199 0.001397442560057982 0.002384968635832152
1 0.7215971013770295 0.3796082920903568 0.0014469813647433227 0.0029858345621686768
1 0.32720406795247753 0.4006039451038241 0.001246374408786366 0.0017840261145372694
1 0.8905319278286215 0.652355009157398 0.0015930845184662702 0.0013415448576554923
