1 0.3104343211821777 0.1961293220906956 0.002179214689896618 0.002075442561806291
1 0.4947295877738652 0.24823453357827518 0.0015132655794045746 0.0018624807131134347
1 0.5831892732936317 0.19059385964193737 0.001862480713113328 0.0024833076174845202
1 0.7293940092730332 0.19680212868564873 0.0016296706239742776 0.0024833076174844847
1 0.8821756302706163 0.19633650850737042 0.001280455490265382 0.0021728941652989775
1 0.9488981854339511 0.18803294866140646 0.0016296706239741353 0.002017687439206206
1 0.8301809142857328 0.7258787033850231 0.001325074509838231 0.0021705982446874827
1 0.7715544512195232 0.7893229569265379 0.001486385219367321 0.0015288533684920935
1 0.5866117523218414 0.7348850111862768 0.001209274791476389 0.0014169280384975025
1 0.5300067127448227 0.7370457333594399 0.0014099258017945004 0.001764805085239516
1 0.4366629390624385 0.7310368799837874 0.0010789692656599215 0.002157938531319985
1 0.3503168520236015 0.7405824079131885 0.0020709917260842304 0.002573050326347186
1 0.3143040150578564 0.7340008330502963 0.001681613566617557 0.0013004478248510054
1 0.28225634118592885 0.744447751887387 0.001373247003823863 0.0013274721036962945
1 0.2492117778598913 0.7391334970807202 0.001530005036825166 0.001736175928312207
1 0.1417955119134372 0.7799036188320347 0.002747700683752985 0.0026282354366333038
1 0.17016963250185213 0.7608601662795786 0.0034854957586184197 0.0024979386270098302
1 0.7930271616391856 0.9285581109338303 0.0015964942783125479 0.0024479578934125355
1 0.7306099746190872 0.571620068060675 0.0013500230021088555 0.0020571779079753584
