1 0.6189154439050215 0.13245485494688083 0.0027069379272409567 0.0019803136337503617
1 0.8161719692231548 0.31557972807513274 0.0010695290348928666 0.001273248851062867
1 0.629722363519337 0.2665439102102741 0.0014012724528814147 0.0016527828931422305
1 0.7209609300403984 0.3297343137871366 0.001650452241851781 0.0025955830128267365
1 0.8744673013265841 0.26502019592442017 0.001424133452552354 0.0018014679570745784
1 0.9968869166284062 0.26600478177801073 0.0013107719459341638 0.0018023114256593687
1 0.25084476627265306 0.8156129161621942 0.0012297494528509389 0.0016024008021996395
1 0.6630577348210659 0.8172333397796342 0.0015844866438455086 0.001803480732832412
1 0.723715299308782 0.8060286601260048 0.0017340267615958283 0.0019652303298086336
1 0.8662743221462729 0.7615245379717277 0.0017982821094332734 0.0035166405695584045
