1 0.08875732215512976 0.23728413833460663 0.0015092379648625177 0.0021241126912880048
1 0.18142213645162186 0.29511830930913163 0.0019018786416156886 0.000950939320807791
1 0.3660353573382851 0.2814813947086191 0.0012820960368548383 0.0015727044718752837
1 0.4165241485982804 0.13649236423463204 0.0013231206985374654 0.0016107556330021212
1 0.4144741942750246 0.06591348710392796 0.0011756232633038611 0.0019949970528792844
1 0.6693121938394413 0.28224341146912074 0.001152744941944377 0.0014755135256888608
1 0.7295294966943721 0.23017668423657597 0.0016367353395649786 0.0023231082238987354
1 0.9380463903326777 0.2177631926506244 0.001539859838331523 0.0019741792799119295
1 0.8655807014784432 0.8607528146946115 0.0010834489495326325 0.0027286862432670477
1 0.44541802861928903 0.7930111810138523 0.0010882208825379535 0.0015169139574771862
1 0.3685111624958257 0.766263634420394 0.00131232573960979 0.0024227552115873153
1 0.2452988790640353 0.7712369608764041 0.0012724109160677343 0.0019793058694388323
1 0.2149177054662056 0.772342846672871 0.003678739043053021 0.0025967569715666626
1 0.09039633249976899 0.777699207935878 0.0011894254276285387 0.002061670741222912
1 0.23964121848300785 0.7132185519411627 0.001257183468362335 0.001722806975163138
1 0.26728824111637617 0.7150541087771984 0.0013968705204025515 0.0008420329291132248
