1 0.9283253044330331 0.9117739925502153 0.0017193015304906112 0.0018830445333944113
1 0.9882832111284455 0.50619294317243 0.001378077490231675 0.0016405684407521193
1 0.8235595444198168 0.5397297373268615 0.0016467241497363715 0.0017333938418277483
1 0.7890404476242426 0.48918593074382516 0.001929479071615539 0.0022645788650075436
1 0.032791800582855885 0.5026131598481753 0.0013179038256899967 0.0017572051009200607
1 0.12233637019607439 0.5595288323215937 0.0010934479267947416 0.0012496547734797048
1 0.19058792332484906 0.5060107480964321 0.0012708482262258499 0.0015404220923942022
1 0.2763872935918634 0.4963220178577654 0.0012658087389427663 0.0020179559606334154
1 0.5171950289999218 0.5028019063317655 0.0012845952872505252 0.0013896250906106644
1 0.6689218413456003 0.4895281211766623 0.001404229197313498 0.001513778992848529
1 0.2868788228413422 0.6341971555150663 0.0015574792006621862 0.0020766389342160353
1 0.6366507712255651 0.6628241730888729 0.0014122834000456664 0.0013918155246827268
1 0.45808201095191164 0.5014899803223707 0.0014957016592162375 0.0021936957668504675
