1 0.06023850322029162 0.21970265350630436 0.0017076748083907577 0.002567567797013055
1 0.21620969499674117 0.27110083708361765 0.0011357781512899123 0.001867724071009995
1 0.21874626620128854 0.2654219463271683 0.0012114966947091687 0.0015143708683865499
1 0.3137163823054698 0.2722628079238742 0.0015027191228769254 0.001960068421143717
1 0.36728086872952204 0.20997653879919242 0.0010628997226930182 0.001474653669321846
1 0.3687962190098479 0.20997653879919242 0.0010772632324592025 0.0018193779037088476
1 0.459633693543591 0.24382832684902284 0.0011179811715123123 0.0012714295676022047
1 0.8532396928405873 0.20290748375220014 0.0012171962079349896 0.003098317620197619
1 0.7552390042466578 0.21401223817495732 0.0008978369261664909 0.0021625319511969464
1 0.579550794850775 0.20851252854028876 0.001641813602929018 0.0031031206462693015
1 0.581330322034136 0.2182060856608695 0.002008854083580829 0.0016233164311764625
1 0.5470721156165534 0.20919507641982968 0.0011806482398867976 0.0040597728950478645
1 0.3249931056857301 0.10717781658321554 0.001314132874946381 0.0020203675492373565
1 0.5367369576629182 0.579294923601999 0.0012890750128928374 0.0016633225972809385
1 0.1267528035758589 0.7666191138158726 0.0014122834000457197 0.0027836310493653117
1 0.19036935863708881 0.8112828570191604 0.002093982322902761 0.003543662392604716
1 0.31154068514669453 0.7488048348318483 0.0014454754639869449 0.0019875287629821515
1 0.5523112654386181 0.8021585175508181 0.0011303331636987224 0.0016110495666509905
1 0.7289093457353968 0.7403453273152814 0.0015739902983541753 0.0018654699832345045
1 0.8667513672961832 0.7396709926176251 0.0015203806113763107 0.0022887450063731763
1 0.8589778083638232 0.7407172760491099 0.0013732470038237922 0.002157959577437367
1 0.9155397082478385 0.797220666746135 0.001941246208273384 0.0021796448654296794
