1 0.054339099833863855 0.5883385502739092 0.0015795269124673173 0.0019890338897737793
1 0.08590871373919484 0.5332658359479948 0.001579526912467326 0.002983550834660491
1 0.3294262761319316 0.5265686657170913 0.001611762155578873 0.0020296264181364166
1 0.4596208413659125 0.5217438538665382 0.0025071855753449686 0.004702814990056319
1 0.5440144986788664 0.5243002597203507 0.000984965761742558 0.0020296264181364878
1 0.7553344257436555 0.5267477504010446 0.001701304497555469 0.002626575364647081
1 0.7887337193009293 0.5150475510494349 0.001701304497555469 0.00191023662883417
1 0.849890566710403 0.5165397708395656 0.002508101032221646 0.0023408942967402878
1 0.9390754375016727 0.5156353482667675 0.002559286767572928 0.005606056728969761
1 0.7048339061602392 0.3979186038795494 0.0017179804902285403 0.0022016837350489443
