1 0.8395234305169486 0.784794010980696 0.0038150181889579932 0.0042345455031083095
1 0.11945030304815839 0.26760960825662006 0.0013333798783290618 0.002044515813437897
1 0.35404031287549836 0.26302267384056993 0.0012371614010615417 0.0015561778629705715
1 0.3392308947616346 0.3142844108562596 0.0013338667396891424 0.0019055239138415204
1 0.3379486952456627 0.3399915621786204 0.0014374080911526742 0.002172900656231267
1 0.4211949155966997 0.2619862028861323 0.0011151493909684262 0.001148941796755345
1 0.5081390737036756 0.2625242457463365 0.001219631817546798 0.002020400182602877
1 0.5180893793850321 0.3094696368483739 0.0012930101431719266 0.0015803457305433354
1 0.6690221724085929 0.2542004785429893 0.001237025348921649 0.0018229847247273536
1 0.11320512884601355 0.9651026830266176 0.0014910030885000936 0.0015674647853462886
