1 0.06978522105008468 0.18912316835394705 0.0011666688956899218 0.0014736870261346268
1 0.31584878904706476 0.18658919659292508 0.0014416317058233473 0.0015878841977184522
1 0.3437367423691018 0.2070545310160103 0.0015138181230195612 0.0018631607667932925
1 0.48949453073182453 0.2335549799025198 0.0016874418247735763 0.002531162737160279
1 0.5813295343264933 0.23326704340067345 0.001104872623363562 0.002008859315206557
1 0.6125992308662049 0.18719601443111833 0.0012343923875872064 0.0017677718143222876
1 0.7651213327521146 0.18089311795169272 0.001586142901661276 0.0024880672967238482
1 0.8597418190052208 0.23497263181400263 0.001257628436536322 0.0026309008672367896
1 0.9071090760182768 0.20535680531779066 0.0012891139354306346 0.0018809712768547726
1 0.943265095758382 0.17179005818752674 0.0012828006822703394 0.0020919553622448287
1 0.9226879557858445 0.7079451920194098 0.0012076909204375853 0.0012831716029650408
1 0.8934568231854177 0.7065980073437811 0.0025040998966042592 0.0020179559606333442
1 0.8052285669204619 0.7161740025733144 0.0016257668291915195 0.00149864925818477
1 0.7286835565064124 0.7488330566088233 0.0012870185769158127 0.0012870185769156706
1 0.6821711214234935 0.7738520473064603 0.0010054314688322562 0.0012030803900556465
1 0.5326702064311578 0.7222471063098371 0.0014373797654941 0.00173398193932627
1 0.49790802847549104 0.7179276598864446 0.0011969439927464983 0.0019637843415854332
1 0.43900000239411 0.7750658799055512 0.0010897332845603103 0.0015811816285777524
1 0.3202868099884397 0.7794839960284815 0.0012721749999829513 0.0027287231883691733
1 0.31388445102113416 0.7753909112459277 0.0011338951086804982 0.0016962333333106017
1 0.3221238840829489 0.7819066941388183 0.001137696814335385 0.0019083946563044662
1 0.31288834913304336 0.7300856647427463 0.0015982542906995433 0.001696528826373509
1 0.16249887097942367 0.7292385617102444 0.0033336509961012697 0.0027689341606961194
1 0.09829858049941415 0.7292720084366066 0.0010104881879017924 0.0011676752393532297
1 0.6305499384697024 0.8535239005797794 0.0012321931366337095 0.0014920034028435378
1 0.7357374636688728 0.8416245213249851 0.0013554346600523103 0.0031124795897495973
1 0.4832569121222784 0.11222565349077662 0.0021969949293021785 0.001830829107751768
