1 0.03001096084734521 0.5454949954324144 0.001473687026134658 0.0023742735421059535
1 0.025078253213522875 0.6093495503533171 0.0022245004017248118 0.0022054875777783424
1 0.09837111092823023 0.6257849715797662 0.0014835417605591594 0.0017661211435226675
1 0.18901100564558201 0.6221071619837426 0.002162597318599353 0.0028834630914658277
1 0.2062577192614117 0.541514368577274 0.0016219479889494793 0.0031718094006123465
1 0.6642958313407513 0.5331523256120232 0.0014056882570895367 0.0017300778548795393
1 0.7237672576022329 0.593632963955518 0.0024869869163893555 0.004181021482625269
1 0.723496932937408 0.5360357887034889 0.0025951167823191667 0.004901887255491744
1 0.7830981426752733 0.5333072104165383 0.0015571253439284594 0.002039847463911221
1 0.7845362422548743 0.5309897282934238 0.0018382077208094927 0.0017300778548794682
1 0.8155265718978378 0.5331342642154661 0.0018929635854830452 0.0023725143604722376
1 0.93274255973723 0.5865786982346864 0.0014667178661618152 0.0022222997972151147
1 0.9644003314984579 0.5312629895222456 0.0014000488722454919 0.0018667318296606795
1 0.9362406267685475 0.535783622156813 0.0020008001095337138 0.0016514540586626226
1 0.7773237237910213 0.670480366748017 0.0014545096856369356 0.0024874223609441513
1 0.1390504245536395 0.4853185894338568 0.0033082835003678092 0.0038650206215140024
1 0.3245166640325074 0.972839838019809 0.001670315959359172 0.002094785691605523
