0 0.4033212557406384 0.19542861232890188 0.014825187630179986 0.03127020093136215
1 0.9684101708961186 0.1269424628260045 0.003180203113372926 0.003003525162630041
1 0.9574643561334049 0.42719131909015684 0.0045038203184738276 0.004979833848068651
1 0.9675704895309559 0.4226508823463297 0.004064423214232704 0.004101039639585977
1 0.9721841591254902 0.4225044166449157 0.003625026109991154 0.004393971042413582
1 0.9686409438073674 0.1270036697572936 0.003399455828621285 0.004532607771495129
1 0.5751673174763404 0.12165760342286963 0.0021736281209759766 0.002254132866197267
1 0.5546020968820314 0.08570954650429162 0.002125532151386409 0.0025006260604545716
1 0.5514346372054555 0.08840466570278156 0.0017921153433258041 0.002667334464484874
1 0.7859193862634233 0.5672678672324614 0.0015864921361232118 0.0025155190626818323
0 0.7724953255760707 0.29871199837949 0.021806866467964453 0.031539874665530834
0 0.4076012092615269 0.20593379370328382 0.023490198607717474 0.009647760142455369
