1 0.5936075350710664 0.8812340080414226 0.0013921072510494781 0.0013921072510492357
1 0.5387403031025125 0.7792191860409836 0.002284334052528152 0.0018098105536938647
1 0.9434952950008316 0.5895820985834284 0.001750090749378339 0.0022273882264813934
1 0.9204843050564658 0.562712124858271 0.001845995830332605 0.0021152035555894594
1 0.9467606961421905 0.5906612649678578 0.0017319908986756615 0.0020206560484548673
1 0.9895358501961584 0.5761403106646217 0.0013286826409886032 0.0028989439439747857
1 0.5424416550182122 0.5976346160810475 0.0012763278393522809 0.0017990144783252354
1 0.8569168896882229 0.4871789419153899 0.001121071545726977 0.0016521054358083376
1 0.8317990009336691 0.4752054401643499 0.0011518436591185831 0.001612581122766147
1 0.1115874737305734 0.4273694925649601 0.0019552364153617675 0.0029728740818366363
1 0.21198910832950496 0.10177577495453423 0.002164070231642299 0.0037687209476219685
1 0.8548628245903339 0.09794965921902626 0.0014948280531216086 0.0029463277568773628
1 0.9256075812450757 0.15761346985022717 0.0015083188504804923 0.002714973930864879
1 0.914738413406304 0.10934231896412157 0.0012828296278298977 0.0021566411134531015
1 0.8997672747231158 0.10563329704708986 0.001532579128221634 0.0024284345606603646
