1 0.8952643557190101 0.5734586805853953 0.0023801320802122306 0.002949386894938971
1 0.5564113026188806 0.5818280793475874 0.0021302466828267783 0.0026245226921498845
1 0.47937568297568633 0.5804939306717789 0.001139628455186852 0.0020104214799193444
1 0.39122971869144846 0.5204569188159418 0.0015645128345216364 0.0034900670923944687
1 0.1284352990718104 0.6184950801257025 0.0017597527732139185 0.0023166365622056162
1 0.13185499649973717 0.6275531652658846 0.002184185169326405 0.003296279449679318
1 0.1315493712716786 0.6167121464970777 0.0022276877401771955 0.0030197544922401674
1 0.15152411358287185 0.04343223094702694 0.000714562044703353 0.0019712056405609955
1 0.16089240955589929 0.03668728588994148 0.0006443586079572583 0.000711016394987336
1 0.36467501005564357 0.07136841657265589 0.0023905466897168283 0.005235163700385499
1 0.4890203159621506 0.13173848569869515 0.001512770635624463 0.002952928280738938
1 0.4893454171110447 0.12334017018111383 0.0013405878171853659 0.002912138329466316
1 0.5105543060389499 0.06862868237774838 0.0007506717706911559 0.003533774594000887
1 0.5070614355618509 0.06855887680289122 0.0007506717706911559 0.003533774594000887
1 0.6451729963036721 0.027042133397294176 0.0012393566698203529 0.00263639230526648
1 0.6810658516128644 0.014238754587315963 0.0012927769510224607 0.003228907689877274
1 0.715662743996373 0.10650952536589495 0.0009361577781194796 0.0018324790550422066
1 0.7945868136229302 0.15492243995082153 0.001112534398548206 0.0023363222369510873
1 0.7499225142985741 0.15308690335189454 0.0018588208359214707 0.002447829907386353
1 0.8778351857811788 0.05377938471493195 0.0017822937385848546 0.0029209814049029697
1 0.9346158161931538 0.009775253322029259 0.002556214203616918 0.0025678864145924863
1 0.9551761315109681 0.022104781574307543 0.002075161404276713 0.005162093045464588
1 0.6331546982334474 0.5961101955400409 0.0006052225874183392 0.004034817249456353
