1 0.7199982581536214 0.7760928679053012 0.0016184406769986024 0.002284857426350981
1 0.718784427645872 0.7826300988751385 0.0020468514444391263 0.002919540044781711
1 0.3539604669335957 0.4651486302795746 0.0020511457035554768 0.002357638739718837
1 0.22656586022639508 0.6891247369922238 0.0018453572519906195 0.002595296957137433
1 0.25944691743713727 0.5022805346423557 0.0018449988861160053 0.0025494530062696082
1 0.2677821006804756 0.34859970594027617 0.0019575889880537644 0.0014237010822208162
1 0.2177966051405815 0.29146324933244094 0.001838947231201935 0.0018982681096278143
1 0.2297811299515372 0.2998607568042635 0.0015662236306197386 0.0016788279439322905
1 0.23099326068239998 0.2977357250088443 0.001112556476285036 0.0015823025440498384
1 0.2349430992682682 0.2786148312751987 0.0017995299250982554 0.001756683974500639
1 0.18887066608267603 0.24067864779182088 0.0012862445041693605 0.0012418912454048936
1 0.199392072912643 0.21576790457624703 0.0013214528931759873 0.0019541485208178244
