0 0.688507924166693 0.5303154101858403 0.0014598698766337744 0.009007828298920011
1 0.9343365695617227 0.7014110149512129 0.0014919185334011332 0.0026522996149351743
1 0.9549470314797592 0.5854859741506117 0.00180313527538047 0.003513802075100543
1 0.9668317355922045 0.4512958053066923 0.0016011349715174105 0.0020014187143969765
1 0.833928626702873 0.5913668758070751 0.0016605186499916158 0.0032203998060442275
1 0.7977746070053303 0.5397398414164294 0.002415299854533372 0.0034216747939219494
1 0.48271850096895874 0.6098711958621279 0.0014094341216227943 0.0023129175329198674
1 0.3120112996692621 0.7619807148044475 0.0017120805881319257 0.0022156337022884998
1 0.30193395666228473 0.27888374042040703 0.0018165120944665248 0.002076013822247482
1 0.7063206368395223 0.1468810033613139 0.001472999225920546 0.0020003693191513426
