1 0.0032070930392576625 0.890826029323105 0.002983342362100151 0.0041766793069403715
1 0.4962129597318453 0.711281763060241 0.0021163254053859237 0.0029763845883962847
1 0.37334132117634977 0.49463529352420355 0.0033565627567959666 0.004271988963194815
1 0.555324514709713 0.3959493430733961 0.002312647640644342 0.0030931200503640805
0 0.5091092582202754 0.7450562859168985 0.01331938362333574 0.01844885498636799
0 0.5006068361500391 0.7327283127250732 0.022306734708984664 0.021035143068569226
1 0.8468721725707156 0.6371470337844553 0.0023056098568322624 0.0026130245044097933
1 0.8556334900266779 0.6330353628731045 0.0019597683783072737 0.002536170842515375
1 0.861368694545548 0.6171266548609623 0.0019021281318865135 0.0026898781663041403
1 0.8581219655130112 0.6297473079503593 0.0021181699393227403 0.0031380295397374167
1 0.8554250051002998 0.6253104351700652 0.002274490041349537 0.002606186505713097
