1 0.007197569855607536 0.5743123842737361 0.002960271292446133 0.003266506253733681
1 0.9335393971856188 0.3573312095299734 0.0013279990218465797 0.0023536893232726187
1 0.9164210296136894 0.19192313647646678 0.0012704887166212586 0.002242740645303165
1 0.9898882656059862 0.16306963225098148 0.0014615549744976875 0.002173594577457685
1 0.8724158339058553 0.14579987377729456 0.0013647269938029183 0.005094980776864588
1 0.8715188515859981 0.1517984609626944 0.0014118410814491255 0.0029491791479160055
1 0.8567441544695044 0.1720023173473234 0.0017340657858927954 0.0034050746341166872
1 0.8613788433349547 0.1451860097443958 0.0016938103951875778 0.0037883071204198367
1 0.8514542128895719 0.1467217180848905 0.001524817755122001 0.005055251656620606
1 0.8607768704586252 0.13296761827571668 0.001591799378150114 0.004527784897849507
1 0.850072899655318 0.1546841583623137 0.0010680503333159578 0.004098343677366682
1 0.8598641374868045 0.13877861361005092 0.0007635264434981082 0.004044626565558147
1 0.8611905222641357 0.1277097882323854 0.0014091766217767087 0.003796149266827058
1 0.844749888350669 0.1647552460480837 0.0012153721301302767 0.00422486502378586
1 0.8362155744751868 0.0727853736387372 0.0015054473591975181 0.0032116210329546126
1 0.7733859045367057 0.16403054243651125 0.0011816697987940472 0.0035292537990651595
1 0.8720574830255203 0.1650392528666366 0.0016288382601899799 0.004262380493955149
